68820172800,140943713894400,0,0,137640345600,0,0
137640345600,281887427788800,412417523712,68820172800,275280691200,412417523712,0
275280691200,563774855577600,824835047424,137640345600,550561382400,824835047424,0
412417523712,844631088562176,137640345600,0,824835047424,137640345600,0
550561382400,1127549711155200,1649670094848,275280691200,1101122764800,1649670094848,0
824835047424,1689262177124352,275280691200,412417523712,1649670094848,275280691200,0
1101122764800,2255099422310400,3299340189696,550561382400,2202245529600,3299340189696,0
1649670094848,3378524354248704,550561382400,824835047424,3299340189696,550561382400,0
2202245529600,4510198844620800,6598680379392,1101122764800,4404491059200,6598680379392,0
3299340189696,6757048708497408,1101122764800,1649670094848,6598680379392,1101122764800,0
4404491059200,9020397689241600,13197360758784,2202245529600,8808982118400,13197360758784,0
6598680379392,13514097416994816,2202245529600,3299340189696,13197360758784,2202245529600,0
8808982118400,18040795378483200,26394721517568,4404491059200,17617964236800,26394721517568,0
13197360758784,27028194833989632,4404491059200,6598680379392,26394721517568,4404491059200,0
17617964236800,36081590756966400,52789443035136,8808982118400,0,52789443035136,0
26394721517568,54056389667979264,8808982118400,13197360758784,52789443035136,8808982118400,0
52789443035136,108112779335958528,17617964236800,26394721517568,0,17617964236800,0
140943713894400,288652726055731200,0,0,281887427788800,0,0
281887427788800,577305452111462400,844631088562176,140943713894400,563774855577600,844631088562176,0
563774855577600,1154610904222924800,1689262177124352,281887427788800,1127549711155200,1689262177124352,0
844631088562176,1729804469375336448,281887427788800,0,1689262177124352,281887427788800,412417523712
1127549711155200,2309221808445849600,3378524354248704,563774855577600,2255099422310400,3378524354248704,0
1689262177124352,3459608938750672896,563774855577600,844631088562176,3378524354248704,563774855577600,824835047424
2255099422310400,4618443616891699200,6757048708497408,1127549711155200,4510198844620800,6757048708497408,0
3378524354248704,6919217877501345792,1127549711155200,1689262177124352,6757048708497408,1127549711155200,1649670094848
4510198844620800,9236887233783398400,13514097416994816,2255099422310400,9020397689241600,13514097416994816,0
6757048708497408,13838435755002691584,2255099422310400,3378524354248704,13514097416994816,2255099422310400,3299340189696
9020397689241600,18473774467566796800,27028194833989632,4510198844620800,18040795378483200,27028194833989632,0
13514097416994816,27676871510005383168,4510198844620800,6757048708497408,27028194833989632,4510198844620800,6598680379392
18040795378483200,36947548935133593600,54056389667979264,9020397689241600,36081590756966400,54056389667979264,0
27028194833989632,55353743020010766336,9020397689241600,13514097416994816,54056389667979264,9020397689241600,13197360758784
36081590756966400,73895097870267187200,108112779335958528,18040795378483200,0,108112779335958528,0
54056389667979264,110707486040021532672,18040795378483200,27028194833989632,108112779335958528,18040795378483200,26394721517568
108112779335958528,221414972080043065344,36081590756966400,54056389667979264,0,36081590756966400,52789443035136
288652726055731200,591160782962137497600,0,0,577305452111462400,0,140943713894400
577305452111462400,1182321565924274995200,1729804469375336448,288652726055731200,1154610904222924800,1729804469375336448,281887427788800
1154610904222924800,2364643131848549990400,3459608938750672896,577305452111462400,2309221808445849600,3459608938750672896,563774855577600
1729804469375336448,3542639553280689045504,577305452111462400,0,3459608938750672896,577305452111462400,844631088562176
2309221808445849600,4729286263697099980800,6919217877501345792,1154610904222924800,4618443616891699200,6919217877501345792,1127549711155200
3459608938750672896,7085279106561378091008,1154610904222924800,1729804469375336448,6919217877501345792,1154610904222924800,1689262177124352
4618443616891699200,9458572527394199961600,13838435755002691584,2309221808445849600,9236887233783398400,13838435755002691584,2255099422310400
6919217877501345792,14170558213122756182016,2309221808445849600,3459608938750672896,13838435755002691584,2309221808445849600,3378524354248704
9236887233783398400,18917145054788399923200,27676871510005383168,4618443616891699200,18473774467566796800,27676871510005383168,4510198844620800
13838435755002691584,28341116426245512364032,4618443616891699200,6919217877501345792,27676871510005383168,4618443616891699200,6757048708497408
18473774467566796800,37834290109576799846400,55353743020010766336,9236887233783398400,36947548935133593600,55353743020010766336,9020397689241600
27676871510005383168,56682232852491024728064,9236887233783398400,13838435755002691584,55353743020010766336,9236887233783398400,13514097416994816
36947548935133593600,75668580219153599692800,110707486040021532672,18473774467566796800,73895097870267187200,110707486040021532672,18040795378483200
55353743020010766336,113364465704982049456128,18473774467566796800,27676871510005383168,110707486040021532672,18473774467566796800,27028194833989632
73895097870267187200,151337160438307199385600,221414972080043065344,36947548935133593600,0,221414972080043065344,36081590756966400
110707486040021532672,226728931409964098912256,36947548935133593600,55353743020010766336,221414972080043065344,36947548935133593600,54056389667979264
221414972080043065344,453457862819928197824512,73895097870267187200,110707486040021532672,0,73895097870267187200,108112779335958528
591160782962137497600,1210697283506457595084800,0,0,1182321565924274995200,0,288652726055731200
1182321565924274995200,2421394567012915190169600,3542639553280689045504,591160782962137497600,2364643131848549990400,3542639553280689045504,577305452111462400
2364643131848549990400,4842789134025830380339200,7085279106561378091008,1182321565924274995200,4729286263697099980800,7085279106561378091008,1154610904222924800
3542639553280689045504,7255325805118851165192192,1182321565924274995200,0,7085279106561378091008,1182321565924274995200,1729804469375336448
4729286263697099980800,9685578268051660760678400,14170558213122756182016,2364643131848549990400,9458572527394199961600,14170558213122756182016,2309221808445849600
7085279106561378091008,14510651610237702330384384,2364643131848549990400,3542639553280689045504,14170558213122756182016,2364643131848549990400,3459608938750672896
9458572527394199961600,19371156536103321521356800,28341116426245512364032,4729286263697099980800,18917145054788399923200,28341116426245512364032,4618443616891699200
14170558213122756182016,29021303220475404660768768,4729286263697099980800,7085279106561378091008,28341116426245512364032,4729286263697099980800,6919217877501345792
18917145054788399923200,38742313072206643042713600,56682232852491024728064,9458572527394199961600,37834290109576799846400,56682232852491024728064,9236887233783398400
28341116426245512364032,58042606440950809321537536,9458572527394199961600,14170558213122756182016,56682232852491024728064,9458572527394199961600,13838435755002691584
37834290109576799846400,77484626144413286085427200,113364465704982049456128,18917145054788399923200,75668580219153599692800,113364465704982049456128,18473774467566796800
56682232852491024728064,116085212881901618643075072,18917145054788399923200,28341116426245512364032,113364465704982049456128,18917145054788399923200,27676871510005383168
75668580219153599692800,154969252288826572170854400,226728931409964098912256,37834290109576799846400,151337160438307199385600,226728931409964098912256,36947548935133593600
113364465704982049456128,232170425763803237286150144,37834290109576799846400,56682232852491024728064,226728931409964098912256,37834290109576799846400,55353743020010766336
151337160438307199385600,309938504577653144341708800,453457862819928197824512,75668580219153599692800,0,453457862819928197824512,73895097870267187200
226728931409964098912256,464340851527606474572300288,75668580219153599692800,113364465704982049456128,453457862819928197824512,75668580219153599692800,110707486040021532672
453457862819928197824512,928681703055212949144600576,151337160438307199385600,226728931409964098912256,0,151337160438307199385600,221414972080043065344
1210697283506457595084800,2479508036621225154733670400,0,0,2421394567012915190169600,0,591160782962137497600
2421394567012915190169600,4959016073242450309467340800,7255325805118851165192192,1210697283506457595084800,4842789134025830380339200,7255325805118851165192192,1182321565924274995200
4842789134025830380339200,9918032146484900618934681600,14510651610237702330384384,2421394567012915190169600,9685578268051660760678400,14510651610237702330384384,2364643131848549990400
7255325805118851165192192,14858907248883407186313609216,2421394567012915190169600,0,14510651610237702330384384,2421394567012915190169600,3542639553280689045504
9685578268051660760678400,19836064292969801237869363200,29021303220475404660768768,4842789134025830380339200,19371156536103321521356800,29021303220475404660768768,4729286263697099980800
14510651610237702330384384,29717814497766814372627218432,4842789134025830380339200,7255325805118851165192192,29021303220475404660768768,4842789134025830380339200,7085279106561378091008
19371156536103321521356800,39672128585939602475738726400,58042606440950809321537536,9685578268051660760678400,38742313072206643042713600,58042606440950809321537536,9458572527394199961600
29021303220475404660768768,59435628995533628745254436864,9685578268051660760678400,14510651610237702330384384,58042606440950809321537536,9685578268051660760678400,14170558213122756182016
38742313072206643042713600,79344257171879204951477452800,116085212881901618643075072,19371156536103321521356800,77484626144413286085427200,116085212881901618643075072,18917145054788399923200
58042606440950809321537536,118871257991067257490508873728,19371156536103321521356800,29021303220475404660768768,116085212881901618643075072,19371156536103321521356800,28341116426245512364032
77484626144413286085427200,158688514343758409902954905600,232170425763803237286150144,38742313072206643042713600,154969252288826572170854400,232170425763803237286150144,37834290109576799846400
116085212881901618643075072,237742515982134514981017747456,38742313072206643042713600,58042606440950809321537536,232170425763803237286150144,38742313072206643042713600,56682232852491024728064
154969252288826572170854400,317377028687516819805909811200,464340851527606474572300288,77484626144413286085427200,309938504577653144341708800,464340851527606474572300288,75668580219153599692800
232170425763803237286150144,475485031964269029962035494912,77484626144413286085427200,116085212881901618643075072,464340851527606474572300288,77484626144413286085427200,113364465704982049456128
309938504577653144341708800,634754057375033639611819622400,928681703055212949144600576,154969252288826572170854400,0,928681703055212949144600576,151337160438307199385600
464340851527606474572300288,950970063928538059924070989824,154969252288826572170854400,232170425763803237286150144,928681703055212949144600576,154969252288826572170854400,226728931409964098912256
928681703055212949144600576,1901940127857076119848141979648,309938504577653144341708800,464340851527606474572300288,0,309938504577653144341708800,453457862819928197824512
2479508036621225154733670400,5078032459000269116894556979200,0,0,4959016073242450309467340800,0,1210697283506457595084800
4959016073242450309467340800,10156064918000538233789113958400,14858907248883407186313609216,2479508036621225154733670400,9918032146484900618934681600,14858907248883407186313609216,2421394567012915190169600
9918032146484900618934681600,20312129836001076467578227916800,29717814497766814372627218432,4959016073242450309467340800,19836064292969801237869363200,29717814497766814372627218432,4842789134025830380339200
14858907248883407186313609216,30431042045713217917570271674368,4959016073242450309467340800,0,29717814497766814372627218432,4959016073242450309467340800,7255325805118851165192192
19836064292969801237869363200,40624259672002152935156455833600,59435628995533628745254436864,9918032146484900618934681600,39672128585939602475738726400,59435628995533628745254436864,9685578268051660760678400
29717814497766814372627218432,60862084091426435835140543348736,9918032146484900618934681600,14858907248883407186313609216,59435628995533628745254436864,9918032146484900618934681600,14510651610237702330384384
39672128585939602475738726400,81248519344004305870312911667200,118871257991067257490508873728,19836064292969801237869363200,79344257171879204951477452800,118871257991067257490508873728,19371156536103321521356800
59435628995533628745254436864,121724168182852871670281086697472,19836064292969801237869363200,29717814497766814372627218432,118871257991067257490508873728,19836064292969801237869363200,29021303220475404660768768
79344257171879204951477452800,162497038688008611740625823334400,237742515982134514981017747456,39672128585939602475738726400,158688514343758409902954905600,237742515982134514981017747456,38742313072206643042713600
118871257991067257490508873728,243448336365705743340562173394944,39672128585939602475738726400,59435628995533628745254436864,237742515982134514981017747456,39672128585939602475738726400,58042606440950809321537536
158688514343758409902954905600,324994077376017223481251646668800,475485031964269029962035494912,79344257171879204951477452800,317377028687516819805909811200,475485031964269029962035494912,77484626144413286085427200
237742515982134514981017747456,486896672731411486681124346789888,79344257171879204951477452800,118871257991067257490508873728,475485031964269029962035494912,79344257171879204951477452800,116085212881901618643075072
317377028687516819805909811200,649988154752034446962503293337600,950970063928538059924070989824,158688514343758409902954905600,634754057375033639611819622400,950970063928538059924070989824,154969252288826572170854400
475485031964269029962035494912,973793345462822973362248693579776,158688514343758409902954905600,237742515982134514981017747456,950970063928538059924070989824,158688514343758409902954905600,232170425763803237286150144
634754057375033639611819622400,1299976309504068893925006586675200,1901940127857076119848141979648,317377028687516819805909811200,0,1901940127857076119848141979648,309938504577653144341708800
950970063928538059924070989824,1947586690925645946724497387159552,317377028687516819805909811200,475485031964269029962035494912,1901940127857076119848141979648,317377028687516819805909811200,464340851527606474572300288
1901940127857076119848141979648,3895173381851291893448994774319104,634754057375033639611819622400,950970063928538059924070989824,0,634754057375033639611819622400,928681703055212949144600576
5078032459000269116894556979200,10399810476032551151400052693401600,0,0,10156064918000538233789113958400,0,2479508036621225154733670400
10156064918000538233789113958400,20799620952065102302800105386803200,30431042045713217917570271674368,5078032459000269116894556979200,20312129836001076467578227916800,30431042045713217917570271674368,4959016073242450309467340800
20312129836001076467578227916800,41599241904130204605600210773606400,60862084091426435835140543348736,10156064918000538233789113958400,40624259672002152935156455833600,60862084091426435835140543348736,9918032146484900618934681600
30431042045713217917570271674368,62322774109620670295183916389105664,10156064918000538233789113958400,0,60862084091426435835140543348736,10156064918000538233789113958400,14858907248883407186313609216
40624259672002152935156455833600,83198483808260409211200421547212800,121724168182852871670281086697472,20312129836001076467578227916800,81248519344004305870312911667200,121724168182852871670281086697472,19836064292969801237869363200
60862084091426435835140543348736,124645548219241340590367832778211328,20312129836001076467578227916800,30431042045713217917570271674368,121724168182852871670281086697472,20312129836001076467578227916800,29717814497766814372627218432
81248519344004305870312911667200,166396967616520818422400843094425600,243448336365705743340562173394944,40624259672002152935156455833600,162497038688008611740625823334400,243448336365705743340562173394944,39672128585939602475738726400
121724168182852871670281086697472,249291096438482681180735665556422656,40624259672002152935156455833600,60862084091426435835140543348736,243448336365705743340562173394944,40624259672002152935156455833600,59435628995533628745254436864
162497038688008611740625823334400,332793935233041636844801686188851200,486896672731411486681124346789888,81248519344004305870312911667200,324994077376017223481251646668800,486896672731411486681124346789888,79344257171879204951477452800
243448336365705743340562173394944,498582192876965362361471331112845312,81248519344004305870312911667200,121724168182852871670281086697472,486896672731411486681124346789888,81248519344004305870312911667200,118871257991067257490508873728
324994077376017223481251646668800,665587870466083273689603372377702400,973793345462822973362248693579776,162497038688008611740625823334400,649988154752034446962503293337600,973793345462822973362248693579776,158688514343758409902954905600
486896672731411486681124346789888,997164385753930724722942662225690624,162497038688008611740625823334400,243448336365705743340562173394944,973793345462822973362248693579776,162497038688008611740625823334400,237742515982134514981017747456
649988154752034446962503293337600,1331175740932166547379206744755404800,1947586690925645946724497387159552,324994077376017223481251646668800,1299976309504068893925006586675200,1947586690925645946724497387159552,317377028687516819805909811200
973793345462822973362248693579776,1994328771507861449445885324451381248,324994077376017223481251646668800,486896672731411486681124346789888,1947586690925645946724497387159552,324994077376017223481251646668800,475485031964269029962035494912
1299976309504068893925006586675200,2662351481864333094758413489510809600,3895173381851291893448994774319104,649988154752034446962503293337600,0,3895173381851291893448994774319104,634754057375033639611819622400
1947586690925645946724497387159552,3988657543015722898891770648902762496,649988154752034446962503293337600,973793345462822973362248693579776,3895173381851291893448994774319104,649988154752034446962503293337600,950970063928538059924070989824
3895173381851291893448994774319104,7977315086031445797783541297805524992,1299976309504068893925006586675200,1947586690925645946724497387159552,0,1299976309504068893925006586675200,1901940127857076119848141979648
10399810476032551151400052693401600,21298811854914664758067307916086476800,0,0,20799620952065102302800105386803200,0,5078032459000269116894556979200
20799620952065102302800105386803200,42597623709829329516134615832172953600,62322774109620670295183916389105664,10399810476032551151400052693401600,41599241904130204605600210773606400,62322774109620670295183916389105664,10156064918000538233789113958400
41599241904130204605600210773606400,85195247419658659032269231664345907200,124645548219241340590367832778211328,20799620952065102302800105386803200,83198483808260409211200421547212800,124645548219241340590367832778211328,20312129836001076467578227916800
62322774109620670295183916389105664,127637041376503132764536660764888399872,20799620952065102302800105386803200,0,124645548219241340590367832778211328,20799620952065102302800105386803200,30431042045713217917570271674368
83198483808260409211200421547212800,170390494839317318064538463328691814400,249291096438482681180735665556422656,41599241904130204605600210773606400,166396967616520818422400843094425600,249291096438482681180735665556422656,40624259672002152935156455833600
124645548219241340590367832778211328,255274082753006265529073321529776799744,41599241904130204605600210773606400,62322774109620670295183916389105664,249291096438482681180735665556422656,41599241904130204605600210773606400,60862084091426435835140543348736
166396967616520818422400843094425600,340780989678634636129076926657383628800,498582192876965362361471331112845312,83198483808260409211200421547212800,332793935233041636844801686188851200,498582192876965362361471331112845312,81248519344004305870312911667200
249291096438482681180735665556422656,510548165506012531058146643059553599488,83198483808260409211200421547212800,124645548219241340590367832778211328,498582192876965362361471331112845312,83198483808260409211200421547212800,121724168182852871670281086697472
332793935233041636844801686188851200,681561979357269272258153853314767257600,997164385753930724722942662225690624,166396967616520818422400843094425600,665587870466083273689603372377702400,997164385753930724722942662225690624,162497038688008611740625823334400
498582192876965362361471331112845312,1021096331012025062116293286119107198976,166396967616520818422400843094425600,249291096438482681180735665556422656,997164385753930724722942662225690624,166396967616520818422400843094425600,243448336365705743340562173394944
665587870466083273689603372377702400,1363123958714538544516307706629534515200,1994328771507861449445885324451381248,332793935233041636844801686188851200,1331175740932166547379206744755404800,1994328771507861449445885324451381248,324994077376017223481251646668800
997164385753930724722942662225690624,2042192662024050124232586572238214397952,332793935233041636844801686188851200,498582192876965362361471331112845312,1994328771507861449445885324451381248,332793935233041636844801686188851200,486896672731411486681124346789888
1331175740932166547379206744755404800,2726247917429077089032615413259069030400,3988657543015722898891770648902762496,665587870466083273689603372377702400,2662351481864333094758413489510809600,3988657543015722898891770648902762496,649988154752034446962503293337600
1994328771507861449445885324451381248,4084385324048100248465173144476428795904,665587870466083273689603372377702400,997164385753930724722942662225690624,3988657543015722898891770648902762496,665587870466083273689603372377702400,973793345462822973362248693579776
2662351481864333094758413489510809600,5452495834858154178065230826518138060800,7977315086031445797783541297805524992,1331175740932166547379206744755404800,0,7977315086031445797783541297805524992,1299976309504068893925006586675200
3988657543015722898891770648902762496,8168770648096200496930346288952857591808,1331175740932166547379206744755404800,1994328771507861449445885324451381248,7977315086031445797783541297805524992,1331175740932166547379206744755404800,1947586690925645946724497387159552
7977315086031445797783541297805524992,16337541296192400993860692577905715183616,2662351481864333094758413489510809600,3988657543015722898891770648902762496,0,2662351481864333094758413489510809600,3895173381851291893448994774319104
21298811854914664758067307916086476800,43619966678865233424521846612145104486400,0,0,42597623709829329516134615832172953600,0,10399810476032551151400052693401600
42597623709829329516134615832172953600,87239933357730466849043693224290208972800,127637041376503132764536660764888399872,21298811854914664758067307916086476800,85195247419658659032269231664345907200,127637041376503132764536660764888399872,20799620952065102302800105386803200
85195247419658659032269231664345907200,174479866715460933698087386448580417945600,255274082753006265529073321529776799744,42597623709829329516134615832172953600,170390494839317318064538463328691814400,255274082753006265529073321529776799744,41599241904130204605600210773606400
127637041376503132764536660764888399872,261400660739078415901771081246491442937856,42597623709829329516134615832172953600,0,255274082753006265529073321529776799744,42597623709829329516134615832172953600,62322774109620670295183916389105664
170390494839317318064538463328691814400,348959733430921867396174772897160835891200,510548165506012531058146643059553599488,85195247419658659032269231664345907200,340780989678634636129076926657383628800,510548165506012531058146643059553599488,83198483808260409211200421547212800
255274082753006265529073321529776799744,522801321478156831803542162492982885875712,85195247419658659032269231664345907200,127637041376503132764536660764888399872,510548165506012531058146643059553599488,85195247419658659032269231664345907200,124645548219241340590367832778211328
340780989678634636129076926657383628800,697919466861843734792349545794321671782400,1021096331012025062116293286119107198976,170390494839317318064538463328691814400,681561979357269272258153853314767257600,1021096331012025062116293286119107198976,166396967616520818422400843094425600
510548165506012531058146643059553599488,1045602642956313663607084324985965771751424,170390494839317318064538463328691814400,255274082753006265529073321529776799744,1021096331012025062116293286119107198976,170390494839317318064538463328691814400,249291096438482681180735665556422656
681561979357269272258153853314767257600,1395838933723687469584699091588643343564800,2042192662024050124232586572238214397952,340780989678634636129076926657383628800,1363123958714538544516307706629534515200,2042192662024050124232586572238214397952,332793935233041636844801686188851200
1021096331012025062116293286119107198976,2091205285912627327214168649971931543502848,340780989678634636129076926657383628800,510548165506012531058146643059553599488,2042192662024050124232586572238214397952,340780989678634636129076926657383628800,498582192876965362361471331112845312
1363123958714538544516307706629534515200,2791677867447374939169398183177286687129600,4084385324048100248465173144476428795904,681561979357269272258153853314767257600,2726247917429077089032615413259069030400,4084385324048100248465173144476428795904,665587870466083273689603372377702400
2042192662024050124232586572238214397952,4182410571825254654428337299943863087005696,681561979357269272258153853314767257600,1021096331012025062116293286119107198976,4084385324048100248465173144476428795904,681561979357269272258153853314767257600,997164385753930724722942662225690624
2726247917429077089032615413259069030400,5583355734894749878338796366354573374259200,8168770648096200496930346288952857591808,1363123958714538544516307706629534515200,5452495834858154178065230826518138060800,8168770648096200496930346288952857591808,1331175740932166547379206744755404800
4084385324048100248465173144476428795904,8364821143650509308856674599887726174011392,1363123958714538544516307706629534515200,2042192662024050124232586572238214397952,8168770648096200496930346288952857591808,1363123958714538544516307706629534515200,1994328771507861449445885324451381248
5452495834858154178065230826518138060800,11166711469789499756677592732709146748518400,16337541296192400993860692577905715183616,2726247917429077089032615413259069030400,0,16337541296192400993860692577905715183616,2662351481864333094758413489510809600
8168770648096200496930346288952857591808,16729642287301018617713349199775452348022784,2726247917429077089032615413259069030400,4084385324048100248465173144476428795904,16337541296192400993860692577905715183616,2726247917429077089032615413259069030400,3988657543015722898891770648902762496
16337541296192400993860692577905715183616,33459284574602037235426698399550904696045568,5452495834858154178065230826518138060800,8168770648096200496930346288952857591808,0,5452495834858154178065230826518138060800,7977315086031445797783541297805524992
43619966678865233424521846612145104486400,89333691758315998053420741861673173988147200,0,0,87239933357730466849043693224290208972800,0,21298811854914664758067307916086476800
87239933357730466849043693224290208972800,178667383516631996106841483723346347976294400,261400660739078415901771081246491442937856,43619966678865233424521846612145104486400,174479866715460933698087386448580417945600,261400660739078415901771081246491442937856,42597623709829329516134615832172953600
174479866715460933698087386448580417945600,357334767033263992213682967446692695952588800,522801321478156831803542162492982885875712,87239933357730466849043693224290208972800,348959733430921867396174772897160835891200,522801321478156831803542162492982885875712,85195247419658659032269231664345907200
261400660739078415901771081246491442937856,535348553193632595766827174392814475136729088,87239933357730466849043693224290208972800,0,522801321478156831803542162492982885875712,87239933357730466849043693224290208972800,127637041376503132764536660764888399872
348959733430921867396174772897160835891200,714669534066527984427365934893385391905177600,1045602642956313663607084324985965771751424,174479866715460933698087386448580417945600,697919466861843734792349545794321671782400,1045602642956313663607084324985965771751424,170390494839317318064538463328691814400
522801321478156831803542162492982885875712,1070697106387265191533654348785628950273458176,174479866715460933698087386448580417945600,261400660739078415901771081246491442937856,1045602642956313663607084324985965771751424,174479866715460933698087386448580417945600,255274082753006265529073321529776799744
697919466861843734792349545794321671782400,1429339068133055968854731869786770783810355200,2091205285912627327214168649971931543502848,348959733430921867396174772897160835891200,1395838933723687469584699091588643343564800,2091205285912627327214168649971931543502848,340780989678634636129076926657383628800
1045602642956313663607084324985965771751424,2141394212774530383067308697571257900546916352,348959733430921867396174772897160835891200,522801321478156831803542162492982885875712,2091205285912627327214168649971931543502848,348959733430921867396174772897160835891200,510548165506012531058146643059553599488
1395838933723687469584699091588643343564800,2858678136266111937709463739573541567620710400,4182410571825254654428337299943863087005696,697919466861843734792349545794321671782400,2791677867447374939169398183177286687129600,4182410571825254654428337299943863087005696,681561979357269272258153853314767257600
2091205285912627327214168649971931543502848,4282788425549060766134617395142515801093832704,697919466861843734792349545794321671782400,1045602642956313663607084324985965771751424,4182410571825254654428337299943863087005696,697919466861843734792349545794321671782400,1021096331012025062116293286119107198976
2791677867447374939169398183177286687129600,5717356272532223875418927479147083135241420800,8364821143650509308856674599887726174011392,1395838933723687469584699091588643343564800,5583355734894749878338796366354573374259200,8364821143650509308856674599887726174011392,1363123958714538544516307706629534515200
4182410571825254654428337299943863087005696,8565576851098121532269234790285031602187665408,1395838933723687469584699091588643343564800,2091205285912627327214168649971931543502848,8364821143650509308856674599887726174011392,1395838933723687469584699091588643343564800,2042192662024050124232586572238214397952
5583355734894749878338796366354573374259200,11434712545064447750837854958294166270482841600,16729642287301018617713349199775452348022784,2791677867447374939169398183177286687129600,11166711469789499756677592732709146748518400,16729642287301018617713349199775452348022784,2726247917429077089032615413259069030400
8364821143650509308856674599887726174011392,17131153702196243064538469580570063204375330816,2791677867447374939169398183177286687129600,4182410571825254654428337299943863087005696,16729642287301018617713349199775452348022784,2791677867447374939169398183177286687129600,4084385324048100248465173144476428795904
11166711469789499756677592732709146748518400,22869425090128895501675709916588332540965683200,33459284574602037235426698399550904696045568,5583355734894749878338796366354573374259200,0,33459284574602037235426698399550904696045568,5452495834858154178065230826518138060800
16729642287301018617713349199775452348022784,34262307404392486129076939161140126408750661632,5583355734894749878338796366354573374259200,8364821143650509308856674599887726174011392,33459284574602037235426698399550904696045568,5583355734894749878338796366354573374259200,8168770648096200496930346288952857591808
33459284574602037235426698399550904696045568,68524614808784972258153878322280252817501323264,11166711469789499756677592732709146748518400,16729642287301018617713349199775452348022784,0,11166711469789499756677592732709146748518400,16337541296192400993860692577905715183616
89333691758315998053420741861673173988147200,182955400721031164013405679332706660327725465600,0,0,178667383516631996106841483723346347976294400,0,43619966678865233424521846612145104486400
178667383516631996106841483723346347976294400,365910801442062328026811358665413320655450931200,535348553193632595766827174392814475136729088,89333691758315998053420741861673173988147200,357334767033263992213682967446692695952588800,535348553193632595766827174392814475136729088,87239933357730466849043693224290208972800
357334767033263992213682967446692695952588800,731821602884124656053622717330826641310901862400,1070697106387265191533654348785628950273458176,178667383516631996106841483723346347976294400,714669534066527984427365934893385391905177600,1070697106387265191533654348785628950273458176,174479866715460933698087386448580417945600
535348553193632595766827174392814475136729088,1096393836940559556130462053156484045080021172224,178667383516631996106841483723346347976294400,0,1070697106387265191533654348785628950273458176,178667383516631996106841483723346347976294400,261400660739078415901771081246491442937856
714669534066527984427365934893385391905177600,1463643205768249312107245434661653282621803724800,2141394212774530383067308697571257900546916352,357334767033263992213682967446692695952588800,1429339068133055968854731869786770783810355200,2141394212774530383067308697571257900546916352,348959733430921867396174772897160835891200
1070697106387265191533654348785628950273458176,2192787673881119112260924106312968090160042344448,357334767033263992213682967446692695952588800,535348553193632595766827174392814475136729088,2141394212774530383067308697571257900546916352,357334767033263992213682967446692695952588800,522801321478156831803542162492982885875712
1429339068133055968854731869786770783810355200,2927286411536498624214490869323306565243607449600,4282788425549060766134617395142515801093832704,714669534066527984427365934893385391905177600,2858678136266111937709463739573541567620710400,4282788425549060766134617395142515801093832704,697919466861843734792349545794321671782400
2141394212774530383067308697571257900546916352,4385575347762238224521848212625936180320084688896,714669534066527984427365934893385391905177600,1070697106387265191533654348785628950273458176,4282788425549060766134617395142515801093832704,714669534066527984427365934893385391905177600,1045602642956313663607084324985965771751424
2858678136266111937709463739573541567620710400,5854572823072997248428981738646613130487214899200,8565576851098121532269234790285031602187665408,1429339068133055968854731869786770783810355200,5717356272532223875418927479147083135241420800,8565576851098121532269234790285031602187665408,1395838933723687469584699091588643343564800
4282788425549060766134617395142515801093832704,8771150695524476449043696425251872360640169377792,1429339068133055968854731869786770783810355200,2141394212774530383067308697571257900546916352,8565576851098121532269234790285031602187665408,1429339068133055968854731869786770783810355200,2091205285912627327214168649971931543502848
5717356272532223875418927479147083135241420800,11709145646145994496857963477293226260974429798400,17131153702196243064538469580570063204375330816,2858678136266111937709463739573541567620710400,11434712545064447750837854958294166270482841600,17131153702196243064538469580570063204375330816,2791677867447374939169398183177286687129600
8565576851098121532269234790285031602187665408,17542301391048952898087392850503744721280338755584,2858678136266111937709463739573541567620710400,4282788425549060766134617395142515801093832704,17131153702196243064538469580570063204375330816,2858678136266111937709463739573541567620710400,4182410571825254654428337299943863087005696
11434712545064447750837854958294166270482841600,23418291292291988993715926954586452521948859596800,34262307404392486129076939161140126408750661632,5717356272532223875418927479147083135241420800,22869425090128895501675709916588332540965683200,34262307404392486129076939161140126408750661632,5583355734894749878338796366354573374259200
17131153702196243064538469580570063204375330816,35084602782097905796174785701007489442560677511168,5717356272532223875418927479147083135241420800,8565576851098121532269234790285031602187665408,34262307404392486129076939161140126408750661632,5717356272532223875418927479147083135241420800,8364821143650509308856674599887726174011392
22869425090128895501675709916588332540965683200,46836582584583977987431853909172905043897719193600,68524614808784972258153878322280252817501323264,11434712545064447750837854958294166270482841600,0,68524614808784972258153878322280252817501323264,11166711469789499756677592732709146748518400
34262307404392486129076939161140126408750661632,70169205564195811592349571402014978885121355022336,11434712545064447750837854958294166270482841600,17131153702196243064538469580570063204375330816,68524614808784972258153878322280252817501323264,11434712545064447750837854958294166270482841600,16729642287301018617713349199775452348022784
68524614808784972258153878322280252817501323264,140338411128391623184699142804029957770242710044672,22869425090128895501675709916588332540965683200,34262307404392486129076939161140126408750661632,0,22869425090128895501675709916588332540965683200,33459284574602037235426698399550904696045568
182955400721031164013405679332706660327725465600,374692660676671823899454831273383240351181753548800,0,0,365910801442062328026811358665413320655450931200,0,89333691758315998053420741861673173988147200
365910801442062328026811358665413320655450931200,749385321353343647798909662546766480702363507097600,1096393836940559556130462053156484045080021172224,182955400721031164013405679332706660327725465600,731821602884124656053622717330826641310901862400,1096393836940559556130462053156484045080021172224,178667383516631996106841483723346347976294400
731821602884124656053622717330826641310901862400,1498770642706687295597819325093532961404727014195200,2192787673881119112260924106312968090160042344448,365910801442062328026811358665413320655450931200,1463643205768249312107245434661653282621803724800,2192787673881119112260924106312968090160042344448,357334767033263992213682967446692695952588800
1096393836940559556130462053156484045080021172224,2245414578054265970955186284864479324323883360714752,365910801442062328026811358665413320655450931200,0,2192787673881119112260924106312968090160042344448,365910801442062328026811358665413320655450931200,535348553193632595766827174392814475136729088
1463643205768249312107245434661653282621803724800,2997541285413374591195638650187065922809454028390400,4385575347762238224521848212625936180320084688896,731821602884124656053622717330826641310901862400,2927286411536498624214490869323306565243607449600,4385575347762238224521848212625936180320084688896,714669534066527984427365934893385391905177600
2192787673881119112260924106312968090160042344448,4490829156108531941910372569728958648647766721429504,731821602884124656053622717330826641310901862400,1096393836940559556130462053156484045080021172224,4385575347762238224521848212625936180320084688896,731821602884124656053622717330826641310901862400,1070697106387265191533654348785628950273458176
2927286411536498624214490869323306565243607449600,5995082570826749182391277300374131845618908056780800,8771150695524476449043696425251872360640169377792,1463643205768249312107245434661653282621803724800,5854572823072997248428981738646613130487214899200,8771150695524476449043696425251872360640169377792,1429339068133055968854731869786770783810355200
4385575347762238224521848212625936180320084688896,8981658312217063883820745139457917297295533442859008,1463643205768249312107245434661653282621803724800,2192787673881119112260924106312968090160042344448,8771150695524476449043696425251872360640169377792,1463643205768249312107245434661653282621803724800,2141394212774530383067308697571257900546916352
5854572823072997248428981738646613130487214899200,11990165141653498364782554600748263691237816113561600,17542301391048952898087392850503744721280338755584,2927286411536498624214490869323306565243607449600,11709145646145994496857963477293226260974429798400,17542301391048952898087392850503744721280338755584,2858678136266111937709463739573541567620710400
8771150695524476449043696425251872360640169377792,17963316624434127767641490278915834594591066885718016,2927286411536498624214490869323306565243607449600,4385575347762238224521848212625936180320084688896,17542301391048952898087392850503744721280338755584,2927286411536498624214490869323306565243607449600,4282788425549060766134617395142515801093832704
11709145646145994496857963477293226260974429798400,23980330283306996729565109201496527382475632227123200,35084602782097905796174785701007489442560677511168,5854572823072997248428981738646613130487214899200,23418291292291988993715926954586452521948859596800,35084602782097905796174785701007489442560677511168,5717356272532223875418927479147083135241420800
17542301391048952898087392850503744721280338755584,35926633248868255535282980557831669189182133771436032,5854572823072997248428981738646613130487214899200,8771150695524476449043696425251872360640169377792,35084602782097905796174785701007489442560677511168,5854572823072997248428981738646613130487214899200,8565576851098121532269234790285031602187665408
23418291292291988993715926954586452521948859596800,47960660566613993459130218402993054764951264454246400,70169205564195811592349571402014978885121355022336,11709145646145994496857963477293226260974429798400,46836582584583977987431853909172905043897719193600,70169205564195811592349571402014978885121355022336,11434712545064447750837854958294166270482841600
35084602782097905796174785701007489442560677511168,71853266497736511070565961115663338378364267542872064,11709145646145994496857963477293226260974429798400,17542301391048952898087392850503744721280338755584,70169205564195811592349571402014978885121355022336,11709145646145994496857963477293226260974429798400,17131153702196243064538469580570063204375330816
46836582584583977987431853909172905043897719193600,95921321133227986918260436805986109529902528908492800,140338411128391623184699142804029957770242710044672,23418291292291988993715926954586452521948859596800,0,140338411128391623184699142804029957770242710044672,22869425090128895501675709916588332540965683200
70169205564195811592349571402014978885121355022336,143706532995473022141131922231326676756728535085744128,23418291292291988993715926954586452521948859596800,35084602782097905796174785701007489442560677511168,140338411128391623184699142804029957770242710044672,23418291292291988993715926954586452521948859596800,34262307404392486129076939161140126408750661632
140338411128391623184699142804029957770242710044672,287413065990946044282263844462653353513457070171488256,46836582584583977987431853909172905043897719193600,70169205564195811592349571402014978885121355022336,0,46836582584583977987431853909172905043897719193600,68524614808784972258153878322280252817501323264
374692660676671823899454831273383240351181753548800,767370569065823895346083494447888876239220231267942400,0,0,749385321353343647798909662546766480702363507097600,0,182955400721031164013405679332706660327725465600
749385321353343647798909662546766480702363507097600,1534741138131647790692166988895777752478440462535884800,2245414578054265970955186284864479324323883360714752,374692660676671823899454831273383240351181753548800,1498770642706687295597819325093532961404727014195200,2245414578054265970955186284864479324323883360714752,365910801442062328026811358665413320655450931200
1498770642706687295597819325093532961404727014195200,3069482276263295581384333977791555504956880925071769600,4490829156108531941910372569728958648647766721429504,749385321353343647798909662546766480702363507097600,2997541285413374591195638650187065922809454028390400,4490829156108531941910372569728958648647766721429504,731821602884124656053622717330826641310901862400
2245414578054265970955186284864479324323883360714752,4598609055855136708516221511402453656215313122743812096,749385321353343647798909662546766480702363507097600,0,4490829156108531941910372569728958648647766721429504,749385321353343647798909662546766480702363507097600,1096393836940559556130462053156484045080021172224
2997541285413374591195638650187065922809454028390400,6138964552526591162768667955583111009913761850143539200,8981658312217063883820745139457917297295533442859008,1498770642706687295597819325093532961404727014195200,5995082570826749182391277300374131845618908056780800,8981658312217063883820745139457917297295533442859008,1463643205768249312107245434661653282621803724800
4490829156108531941910372569728958648647766721429504,9197218111710273417032443022804907312430626245487624192,1498770642706687295597819325093532961404727014195200,2245414578054265970955186284864479324323883360714752,8981658312217063883820745139457917297295533442859008,1498770642706687295597819325093532961404727014195200,2192787673881119112260924106312968090160042344448
5995082570826749182391277300374131845618908056780800,12277929105053182325537335911166222019827523700287078400,17963316624434127767641490278915834594591066885718016,2997541285413374591195638650187065922809454028390400,11990165141653498364782554600748263691237816113561600,17963316624434127767641490278915834594591066885718016,2927286411536498624214490869323306565243607449600
8981658312217063883820745139457917297295533442859008,18394436223420546834064886045609814624861252490975248384,2997541285413374591195638650187065922809454028390400,4490829156108531941910372569728958648647766721429504,17963316624434127767641490278915834594591066885718016,2997541285413374591195638650187065922809454028390400,4385575347762238224521848212625936180320084688896
11990165141653498364782554600748263691237816113561600,24555858210106364651074671822332444039655047400574156800,35926633248868255535282980557831669189182133771436032,5995082570826749182391277300374131845618908056780800,23980330283306996729565109201496527382475632227123200,35926633248868255535282980557831669189182133771436032,5854572823072997248428981738646613130487214899200
17963316624434127767641490278915834594591066885718016,36788872446841093668129772091219629249722504981950496768,5995082570826749182391277300374131845618908056780800,8981658312217063883820745139457917297295533442859008,35926633248868255535282980557831669189182133771436032,5995082570826749182391277300374131845618908056780800,8771150695524476449043696425251872360640169377792
23980330283306996729565109201496527382475632227123200,49111716420212729302149343644664888079310094801148313600,71853266497736511070565961115663338378364267542872064,11990165141653498364782554600748263691237816113561600,47960660566613993459130218402993054764951264454246400,71853266497736511070565961115663338378364267542872064,11709145646145994496857963477293226260974429798400
35926633248868255535282980557831669189182133771436032,73577744893682187336259544182439258499445009963900993536,11990165141653498364782554600748263691237816113561600,17963316624434127767641490278915834594591066885718016,71853266497736511070565961115663338378364267542872064,11990165141653498364782554600748263691237816113561600,17542301391048952898087392850503744721280338755584
47960660566613993459130218402993054764951264454246400,98223432840425458604298687289329776158620189602296627200,143706532995473022141131922231326676756728535085744128,23980330283306996729565109201496527382475632227123200,95921321133227986918260436805986109529902528908492800,143706532995473022141131922231326676756728535085744128,23418291292291988993715926954586452521948859596800
71853266497736511070565961115663338378364267542872064,147155489787364374672519088364878516998890019927801987072,23980330283306996729565109201496527382475632227123200,35926633248868255535282980557831669189182133771436032,143706532995473022141131922231326676756728535085744128,23980330283306996729565109201496527382475632227123200,35084602782097905796174785701007489442560677511168
95921321133227986918260436805986109529902528908492800,196446865680850917208597374578659552317240379204593254400,287413065990946044282263844462653353513457070171488256,47960660566613993459130218402993054764951264454246400,0,287413065990946044282263844462653353513457070171488256,46836582584583977987431853909172905043897719193600
143706532995473022141131922231326676756728535085744128,294310979574728749345038176729757033997780039855603974144,47960660566613993459130218402993054764951264454246400,71853266497736511070565961115663338378364267542872064,287413065990946044282263844462653353513457070171488256,47960660566613993459130218402993054764951264454246400,70169205564195811592349571402014978885121355022336
287413065990946044282263844462653353513457070171488256,588621959149457498690076353459514067995560079711207948288,95921321133227986918260436805986109529902528908492800,143706532995473022141131922231326676756728535085744128,0,95921321133227986918260436805986109529902528908492800,140338411128391623184699142804029957770242710044672
767370569065823895346083494447888876239220231267942400,1571574925446807337668778996629276418537923033636746035200,0,0,1534741138131647790692166988895777752478440462535884800,0,374692660676671823899454831273383240351181753548800
1534741138131647790692166988895777752478440462535884800,3143149850893614675337557993258552837075846067273492070400,4598609055855136708516221511402453656215313122743812096,767370569065823895346083494447888876239220231267942400,3069482276263295581384333977791555504956880925071769600,4598609055855136708516221511402453656215313122743812096,749385321353343647798909662546766480702363507097600
3069482276263295581384333977791555504956880925071769600,6286299701787229350675115986517105674151692134546984140800,9197218111710273417032443022804907312430626245487624192,1534741138131647790692166988895777752478440462535884800,6138964552526591162768667955583111009913761850143539200,9197218111710273417032443022804907312430626245487624192,1498770642706687295597819325093532961404727014195200
4598609055855136708516221511402453656215313122743812096,9417951346391319979041221655352225087928961275379327172608,1534741138131647790692166988895777752478440462535884800,0,9197218111710273417032443022804907312430626245487624192,1534741138131647790692166988895777752478440462535884800,2245414578054265970955186284864479324323883360714752
6138964552526591162768667955583111009913761850143539200,12572599403574458701350231973034211348303384269093968281600,18394436223420546834064886045609814624861252490975248384,3069482276263295581384333977791555504956880925071769600,12277929105053182325537335911166222019827523700287078400,18394436223420546834064886045609814624861252490975248384,2997541285413374591195638650187065922809454028390400
9197218111710273417032443022804907312430626245487624192,18835902692782639958082443310704450175857922550758654345216,3069482276263295581384333977791555504956880925071769600,4598609055855136708516221511402453656215313122743812096,18394436223420546834064886045609814624861252490975248384,3069482276263295581384333977791555504956880925071769600,4490829156108531941910372569728958648647766721429504
12277929105053182325537335911166222019827523700287078400,25145198807148917402700463946068422696606768538187936563200,36788872446841093668129772091219629249722504981950496768,6138964552526591162768667955583111009913761850143539200,24555858210106364651074671822332444039655047400574156800,36788872446841093668129772091219629249722504981950496768,5995082570826749182391277300374131845618908056780800
18394436223420546834064886045609814624861252490975248384,37671805385565279916164886621408900351715845101517308690432,6138964552526591162768667955583111009913761850143539200,9197218111710273417032443022804907312430626245487624192,36788872446841093668129772091219629249722504981950496768,6138964552526591162768667955583111009913761850143539200,8981658312217063883820745139457917297295533442859008
24555858210106364651074671822332444039655047400574156800,50290397614297834805400927892136845393213537076375873126400,73577744893682187336259544182439258499445009963900993536,12277929105053182325537335911166222019827523700287078400,49111716420212729302149343644664888079310094801148313600,73577744893682187336259544182439258499445009963900993536,11990165141653498364782554600748263691237816113561600
36788872446841093668129772091219629249722504981950496768,75343610771130559832329773242817800703431690203034617380864,12277929105053182325537335911166222019827523700287078400,18394436223420546834064886045609814624861252490975248384,73577744893682187336259544182439258499445009963900993536,12277929105053182325537335911166222019827523700287078400,17963316624434127767641490278915834594591066885718016
49111716420212729302149343644664888079310094801148313600,100580795228595669610801855784273690786427074152751746252800,147155489787364374672519088364878516998890019927801987072,24555858210106364651074671822332444039655047400574156800,98223432840425458604298687289329776158620189602296627200,147155489787364374672519088364878516998890019927801987072,23980330283306996729565109201496527382475632227123200
73577744893682187336259544182439258499445009963900993536,150687221542261119664659546485635601406863380406069234761728,24555858210106364651074671822332444039655047400574156800,36788872446841093668129772091219629249722504981950496768,147155489787364374672519088364878516998890019927801987072,24555858210106364651074671822332444039655047400574156800,35926633248868255535282980557831669189182133771436032
98223432840425458604298687289329776158620189602296627200,201161590457191339221603711568547381572854148305503492505600,294310979574728749345038176729757033997780039855603974144,49111716420212729302149343644664888079310094801148313600,196446865680850917208597374578659552317240379204593254400,294310979574728749345038176729757033997780039855603974144,47960660566613993459130218402993054764951264454246400
147155489787364374672519088364878516998890019927801987072,301374443084522239329319092971271202813726760812138469523456,49111716420212729302149343644664888079310094801148313600,73577744893682187336259544182439258499445009963900993536,294310979574728749345038176729757033997780039855603974144,49111716420212729302149343644664888079310094801148313600,71853266497736511070565961115663338378364267542872064
196446865680850917208597374578659552317240379204593254400,402323180914382678443207423137094763145708296611006985011200,588621959149457498690076353459514067995560079711207948288,98223432840425458604298687289329776158620189602296627200,0,588621959149457498690076353459514067995560079711207948288,95921321133227986918260436805986109529902528908492800
294310979574728749345038176729757033997780039855603974144,602748886169044478658638185942542405627453521624276939046912,98223432840425458604298687289329776158620189602296627200,147155489787364374672519088364878516998890019927801987072,588621959149457498690076353459514067995560079711207948288,98223432840425458604298687289329776158620189602296627200,143706532995473022141131922231326676756728535085744128
588621959149457498690076353459514067995560079711207948288,1205497772338088957317276371885084811254907043248553878093824,196446865680850917208597374578659552317240379204593254400,294310979574728749345038176729757033997780039855603974144,0,196446865680850917208597374578659552317240379204593254400,287413065990946044282263844462653353513457070171488256
1571574925446807337668778996629276418537923033636746035200,3218585447315061427545659385096758105165666372888055880089600,0,0,3143149850893614675337557993258552837075846067273492070400,0,767370569065823895346083494447888876239220231267942400
3143149850893614675337557993258552837075846067273492070400,6437170894630122855091318770193516210331332745776111760179200,9417951346391319979041221655352225087928961275379327172608,1571574925446807337668778996629276418537923033636746035200,6286299701787229350675115986517105674151692134546984140800,9417951346391319979041221655352225087928961275379327172608,1534741138131647790692166988895777752478440462535884800
6286299701787229350675115986517105674151692134546984140800,12874341789260245710182637540387032420662665491552223520358400,18835902692782639958082443310704450175857922550758654345216,3143149850893614675337557993258552837075846067273492070400,12572599403574458701350231973034211348303384269093968281600,18835902692782639958082443310704450175857922550758654345216,3069482276263295581384333977791555504956880925071769600
9417951346391319979041221655352225087928961275379327172608,19287964357409423317076421950161356980078512691976862049501184,3143149850893614675337557993258552837075846067273492070400,0,18835902692782639958082443310704450175857922550758654345216,3143149850893614675337557993258552837075846067273492070400,4598609055855136708516221511402453656215313122743812096
12572599403574458701350231973034211348303384269093968281600,25748683578520491420365275080774064841325330983104447040716800,37671805385565279916164886621408900351715845101517308690432,6286299701787229350675115986517105674151692134546984140800,25145198807148917402700463946068422696606768538187936563200,37671805385565279916164886621408900351715845101517308690432,6138964552526591162768667955583111009913761850143539200
18835902692782639958082443310704450175857922550758654345216,38575928714818846634152843900322713960157025383953724099002368,6286299701787229350675115986517105674151692134546984140800,9417951346391319979041221655352225087928961275379327172608,37671805385565279916164886621408900351715845101517308690432,6286299701787229350675115986517105674151692134546984140800,9197218111710273417032443022804907312430626245487624192
25145198807148917402700463946068422696606768538187936563200,51497367157040982840730550161548129682650661966208894081433600,75343610771130559832329773242817800703431690203034617380864,12572599403574458701350231973034211348303384269093968281600,50290397614297834805400927892136845393213537076375873126400,75343610771130559832329773242817800703431690203034617380864,12277929105053182325537335911166222019827523700287078400
37671805385565279916164886621408900351715845101517308690432,77151857429637693268305687800645427920314050767907448198004736,12572599403574458701350231973034211348303384269093968281600,18835902692782639958082443310704450175857922550758654345216,75343610771130559832329773242817800703431690203034617380864,12572599403574458701350231973034211348303384269093968281600,18394436223420546834064886045609814624861252490975248384
50290397614297834805400927892136845393213537076375873126400,102994734314081965681461100323096259365301323932417788162867200,150687221542261119664659546485635601406863380406069234761728,25145198807148917402700463946068422696606768538187936563200,100580795228595669610801855784273690786427074152751746252800,150687221542261119664659546485635601406863380406069234761728,24555858210106364651074671822332444039655047400574156800
75343610771130559832329773242817800703431690203034617380864,154303714859275386536611375601290855840628101535814896396009472,25145198807148917402700463946068422696606768538187936563200,37671805385565279916164886621408900351715845101517308690432,150687221542261119664659546485635601406863380406069234761728,25145198807148917402700463946068422696606768538187936563200,36788872446841093668129772091219629249722504981950496768
100580795228595669610801855784273690786427074152751746252800,205989468628163931362922200646192518730602647864835576325734400,301374443084522239329319092971271202813726760812138469523456,50290397614297834805400927892136845393213537076375873126400,201161590457191339221603711568547381572854148305503492505600,301374443084522239329319092971271202813726760812138469523456,49111716420212729302149343644664888079310094801148313600
150687221542261119664659546485635601406863380406069234761728,308607429718550773073222751202581711681256203071629792792018944,50290397614297834805400927892136845393213537076375873126400,75343610771130559832329773242817800703431690203034617380864,301374443084522239329319092971271202813726760812138469523456,50290397614297834805400927892136845393213537076375873126400,73577744893682187336259544182439258499445009963900993536
201161590457191339221603711568547381572854148305503492505600,411978937256327862725844401292385037461205295729671152651468800,602748886169044478658638185942542405627453521624276939046912,100580795228595669610801855784273690786427074152751746252800,402323180914382678443207423137094763145708296611006985011200,602748886169044478658638185942542405627453521624276939046912,98223432840425458604298687289329776158620189602296627200
301374443084522239329319092971271202813726760812138469523456,617214859437101546146445502405163423362512406143259585584037888,100580795228595669610801855784273690786427074152751746252800,150687221542261119664659546485635601406863380406069234761728,602748886169044478658638185942542405627453521624276939046912,100580795228595669610801855784273690786427074152751746252800,147155489787364374672519088364878516998890019927801987072
402323180914382678443207423137094763145708296611006985011200,823957874512655725451688802584770074922410591459342305302937600,1205497772338088957317276371885084811254907043248553878093824,201161590457191339221603711568547381572854148305503492505600,0,1205497772338088957317276371885084811254907043248553878093824,196446865680850917208597374578659552317240379204593254400
602748886169044478658638185942542405627453521624276939046912,1234429718874203092292891004810326846725024812286519171168075776,201161590457191339221603711568547381572854148305503492505600,301374443084522239329319092971271202813726760812138469523456,1205497772338088957317276371885084811254907043248553878093824,201161590457191339221603711568547381572854148305503492505600,294310979574728749345038176729757033997780039855603974144
1205497772338088957317276371885084811254907043248553878093824,2468859437748406184585782009620653693450049624573038342336151552,402323180914382678443207423137094763145708296611006985011200,602748886169044478658638185942542405627453521624276939046912,0,402323180914382678443207423137094763145708296611006985011200,588621959149457498690076353459514067995560079711207948288
3218585447315061427545659385096758105165666372888055880089600,6591662996101245803613510420678160599379284731674738442423500800,0,0,6437170894630122855091318770193516210331332745776111760179200,0,1571574925446807337668778996629276418537923033636746035200
6437170894630122855091318770193516210331332745776111760179200,13183325992202491607227020841356321198758569463349476884847001600,19287964357409423317076421950161356980078512691976862049501184,3218585447315061427545659385096758105165666372888055880089600,12874341789260245710182637540387032420662665491552223520358400,19287964357409423317076421950161356980078512691976862049501184,3143149850893614675337557993258552837075846067273492070400
12874341789260245710182637540387032420662665491552223520358400,26366651984404983214454041682712642397517138926698953769694003200,38575928714818846634152843900322713960157025383953724099002368,6437170894630122855091318770193516210331332745776111760179200,25748683578520491420365275080774064841325330983104447040716800,38575928714818846634152843900322713960157025383953724099002368,6286299701787229350675115986517105674151692134546984140800
19287964357409423317076421950161356980078512691976862049501184,39501751003974498953372512153930459095200793993168613477378424832,6437170894630122855091318770193516210331332745776111760179200,0,38575928714818846634152843900322713960157025383953724099002368,6437170894630122855091318770193516210331332745776111760179200,9417951346391319979041221655352225087928961275379327172608
25748683578520491420365275080774064841325330983104447040716800,52733303968809966428908083365425284795034277853397907539388006400,77151857429637693268305687800645427920314050767907448198004736,12874341789260245710182637540387032420662665491552223520358400,51497367157040982840730550161548129682650661966208894081433600,77151857429637693268305687800645427920314050767907448198004736,12572599403574458701350231973034211348303384269093968281600
38575928714818846634152843900322713960157025383953724099002368,79003502007948997906745024307860918190401587986337226954756849664,12874341789260245710182637540387032420662665491552223520358400,19287964357409423317076421950161356980078512691976862049501184,77151857429637693268305687800645427920314050767907448198004736,12874341789260245710182637540387032420662665491552223520358400,18835902692782639958082443310704450175857922550758654345216
51497367157040982840730550161548129682650661966208894081433600,105466607937619932857816166730850569590068555706795815078776012800,154303714859275386536611375601290855840628101535814896396009472,25748683578520491420365275080774064841325330983104447040716800,102994734314081965681461100323096259365301323932417788162867200,154303714859275386536611375601290855840628101535814896396009472,25145198807148917402700463946068422696606768538187936563200
77151857429637693268305687800645427920314050767907448198004736,158007004015897995813490048615721836380803175972674453909513699328,25748683578520491420365275080774064841325330983104447040716800,38575928714818846634152843900322713960157025383953724099002368,154303714859275386536611375601290855840628101535814896396009472,25748683578520491420365275080774064841325330983104447040716800,37671805385565279916164886621408900351715845101517308690432
102994734314081965681461100323096259365301323932417788162867200,210933215875239865715632333461701139180137111413591630157552025600,308607429718550773073222751202581711681256203071629792792018944,51497367157040982840730550161548129682650661966208894081433600,205989468628163931362922200646192518730602647864835576325734400,308607429718550773073222751202581711681256203071629792792018944,50290397614297834805400927892136845393213537076375873126400
154303714859275386536611375601290855840628101535814896396009472,316014008031795991626980097231443672761606351945348907819027398656,51497367157040982840730550161548129682650661966208894081433600,77151857429637693268305687800645427920314050767907448198004736,308607429718550773073222751202581711681256203071629792792018944,51497367157040982840730550161548129682650661966208894081433600,75343610771130559832329773242817800703431690203034617380864
205989468628163931362922200646192518730602647864835576325734400,421866431750479731431264666923402278360274222827183260315104051200,617214859437101546146445502405163423362512406143259585584037888,102994734314081965681461100323096259365301323932417788162867200,411978937256327862725844401292385037461205295729671152651468800,617214859437101546146445502405163423362512406143259585584037888,100580795228595669610801855784273690786427074152751746252800
308607429718550773073222751202581711681256203071629792792018944,632028016063591983253960194462887345523212703890697815638054797312,102994734314081965681461100323096259365301323932417788162867200,154303714859275386536611375601290855840628101535814896396009472,617214859437101546146445502405163423362512406143259585584037888,102994734314081965681461100323096259365301323932417788162867200,150687221542261119664659546485635601406863380406069234761728
411978937256327862725844401292385037461205295729671152651468800,843732863500959462862529333846804556720548445654366520630208102400,1234429718874203092292891004810326846725024812286519171168075776,205989468628163931362922200646192518730602647864835576325734400,823957874512655725451688802584770074922410591459342305302937600,1234429718874203092292891004810326846725024812286519171168075776,201161590457191339221603711568547381572854148305503492505600
617214859437101546146445502405163423362512406143259585584037888,1264056032127183966507920388925774691046425407781395631276109594624,205989468628163931362922200646192518730602647864835576325734400,308607429718550773073222751202581711681256203071629792792018944,1234429718874203092292891004810326846725024812286519171168075776,205989468628163931362922200646192518730602647864835576325734400,301374443084522239329319092971271202813726760812138469523456
823957874512655725451688802584770074922410591459342305302937600,1687465727001918925725058667693609113441096891308733041260416204800,2468859437748406184585782009620653693450049624573038342336151552,411978937256327862725844401292385037461205295729671152651468800,0,2468859437748406184585782009620653693450049624573038342336151552,402323180914382678443207423137094763145708296611006985011200
1234429718874203092292891004810326846725024812286519171168075776,2528112064254367933015840777851549382092850815562791262552219189248,411978937256327862725844401292385037461205295729671152651468800,617214859437101546146445502405163423362512406143259585584037888,2468859437748406184585782009620653693450049624573038342336151552,411978937256327862725844401292385037461205295729671152651468800,602748886169044478658638185942542405627453521624276939046912
2468859437748406184585782009620653693450049624573038342336151552,5056224128508735866031681555703098764185701631125582525104438378496,823957874512655725451688802584770074922410591459342305302937600,1234429718874203092292891004810326846725024812286519171168075776,0,823957874512655725451688802584770074922410591459342305302937600,1205497772338088957317276371885084811254907043248553878093824
6591662996101245803613510420678160599379284731674738442423500800,13499725816015351405800469341548872907528775130469864330083329638400,0,0,13183325992202491607227020841356321198758569463349476884847001600,0,3218585447315061427545659385096758105165666372888055880089600
13183325992202491607227020841356321198758569463349476884847001600,26999451632030702811600938683097745815057550260939728660166659276800,39501751003974498953372512153930459095200793993168613477378424832,6591662996101245803613510420678160599379284731674738442423500800,26366651984404983214454041682712642397517138926698953769694003200,39501751003974498953372512153930459095200793993168613477378424832,6437170894630122855091318770193516210331332745776111760179200
26366651984404983214454041682712642397517138926698953769694003200,53998903264061405623201877366195491630115100521879457320333318553600,79003502007948997906745024307860918190401587986337226954756849664,13183325992202491607227020841356321198758569463349476884847001600,52733303968809966428908083365425284795034277853397907539388006400,79003502007948997906745024307860918190401587986337226954756849664,12874341789260245710182637540387032420662665491552223520358400
39501751003974498953372512153930459095200793993168613477378424832,80899586056139773856506904891249580226971226098009320401671014055936,13183325992202491607227020841356321198758569463349476884847001600,0,79003502007948997906745024307860918190401587986337226954756849664,13183325992202491607227020841356321198758569463349476884847001600,19287964357409423317076421950161356980078512691976862049501184
52733303968809966428908083365425284795034277853397907539388006400,107997806528122811246403754732390983260230201043758914640666637107200,158007004015897995813490048615721836380803175972674453909513699328,26366651984404983214454041682712642397517138926698953769694003200,105466607937619932857816166730850569590068555706795815078776012800,158007004015897995813490048615721836380803175972674453909513699328,25748683578520491420365275080774064841325330983104447040716800
79003502007948997906745024307860918190401587986337226954756849664,161799172112279547713013809782499160453942452196018640803342028111872,26366651984404983214454041682712642397517138926698953769694003200,39501751003974498953372512153930459095200793993168613477378424832,158007004015897995813490048615721836380803175972674453909513699328,26366651984404983214454041682712642397517138926698953769694003200,38575928714818846634152843900322713960157025383953724099002368
105466607937619932857816166730850569590068555706795815078776012800,215995613056245622492807509464781966520460402087517829281333274214400,316014008031795991626980097231443672761606351945348907819027398656,52733303968809966428908083365425284795034277853397907539388006400,210933215875239865715632333461701139180137111413591630157552025600,316014008031795991626980097231443672761606351945348907819027398656,51497367157040982840730550161548129682650661966208894081433600
158007004015897995813490048615721836380803175972674453909513699328,323598344224559095426027619564998320907884904392037281606684056223744,52733303968809966428908083365425284795034277853397907539388006400,79003502007948997906745024307860918190401587986337226954756849664,316014008031795991626980097231443672761606351945348907819027398656,52733303968809966428908083365425284795034277853397907539388006400,77151857429637693268305687800645427920314050767907448198004736
210933215875239865715632333461701139180137111413591630157552025600,431991226112491244985615018929563933040920804175035658562666548428800,632028016063591983253960194462887345523212703890697815638054797312,105466607937619932857816166730850569590068555706795815078776012800,421866431750479731431264666923402278360274222827183260315104051200,632028016063591983253960194462887345523212703890697815638054797312,102994734314081965681461100323096259365301323932417788162867200
316014008031795991626980097231443672761606351945348907819027398656,647196688449118190852055239129996641815769808784074563213368112447488,105466607937619932857816166730850569590068555706795815078776012800,158007004015897995813490048615721836380803175972674453909513699328,632028016063591983253960194462887345523212703890697815638054797312,105466607937619932857816166730850569590068555706795815078776012800,154303714859275386536611375601290855840628101535814896396009472
421866431750479731431264666923402278360274222827183260315104051200,863982452224982489971230037859127866081841608350071317125333096857600,1264056032127183966507920388925774691046425407781395631276109594624,210933215875239865715632333461701139180137111413591630157552025600,843732863500959462862529333846804556720548445654366520630208102400,1264056032127183966507920388925774691046425407781395631276109594624,205989468628163931362922200646192518730602647864835576325734400
632028016063591983253960194462887345523212703890697815638054797312,1294393376898236381704110478259993283631539617568149126426736224894976,210933215875239865715632333461701139180137111413591630157552025600,316014008031795991626980097231443672761606351945348907819027398656,1264056032127183966507920388925774691046425407781395631276109594624,210933215875239865715632333461701139180137111413591630157552025600,308607429718550773073222751202581711681256203071629792792018944
843732863500959462862529333846804556720548445654366520630208102400,1727964904449964979942460075718255732163683216700142634250666193715200,2528112064254367933015840777851549382092850815562791262552219189248,421866431750479731431264666923402278360274222827183260315104051200,1687465727001918925725058667693609113441096891308733041260416204800,2528112064254367933015840777851549382092850815562791262552219189248,411978937256327862725844401292385037461205295729671152651468800
1264056032127183966507920388925774691046425407781395631276109594624,2588786753796472763408220956519986567263079235136298252853472449789952,421866431750479731431264666923402278360274222827183260315104051200,632028016063591983253960194462887345523212703890697815638054797312,2528112064254367933015840777851549382092850815562791262552219189248,421866431750479731431264666923402278360274222827183260315104051200,617214859437101546146445502405163423362512406143259585584037888
1687465727001918925725058667693609113441096891308733041260416204800,3455929808899929959884920151436511464327366433400285268501332387430400,5056224128508735866031681555703098764185701631125582525104438378496,843732863500959462862529333846804556720548445654366520630208102400,0,5056224128508735866031681555703098764185701631125582525104438378496,823957874512655725451688802584770074922410591459342305302937600
2528112064254367933015840777851549382092850815562791262552219189248,5177573507592945526816441913039973134526158470272596505706944899579904,843732863500959462862529333846804556720548445654366520630208102400,1264056032127183966507920388925774691046425407781395631276109594624,5056224128508735866031681555703098764185701631125582525104438378496,843732863500959462862529333846804556720548445654366520630208102400,1234429718874203092292891004810326846725024812286519171168075776
5056224128508735866031681555703098764185701631125582525104438378496,10355147015185891053632883826079946269052316940545193011413889799159808,1687465727001918925725058667693609113441096891308733041260416204800,2528112064254367933015840777851549382092850815562791262552219189248,0,1687465727001918925725058667693609113441096891308733041260416204800,2468859437748406184585782009620653693450049624573038342336151552
13499725816015351405800469341548872907528775130469864330083329638400,27647438471199439679079361211492091714618931467202282148010659099443200,0,0,26999451632030702811600938683097745815057550260939728660166659276800,0,6591662996101245803613510420678160599379284731674738442423500800
26999451632030702811600938683097745815057550260939728660166659276800,55294876942398879358158722422984183429237862934404564296021318198886400,80899586056139773856506904891249580226971226098009320401671014055936,13499725816015351405800469341548872907528775130469864330083329638400,53998903264061405623201877366195491630115100521879457320333318553600,80899586056139773856506904891249580226971226098009320401671014055936,13183325992202491607227020841356321198758569463349476884847001600
53998903264061405623201877366195491630115100521879457320333318553600,110589753884797758716317444845968366858475725868809128592042636397772800,161799172112279547713013809782499160453942452196018640803342028111872,26999451632030702811600938683097745815057550260939728660166659276800,107997806528122811246403754732390983260230201043758914640666637107200,161799172112279547713013809782499160453942452196018640803342028111872,26366651984404983214454041682712642397517138926698953769694003200
80899586056139773856506904891249580226971226098009320401671014055936,165682352242974256858126141217279140304837071048723088182622236786556928,26999451632030702811600938683097745815057550260939728660166659276800,0,161799172112279547713013809782499160453942452196018640803342028111872,26999451632030702811600938683097745815057550260939728660166659276800,39501751003974498953372512153930459095200793993168613477378424832
107997806528122811246403754732390983260230201043758914640666637107200,221179507769595517432634889691936733716951451737618257184085272795545600,323598344224559095426027619564998320907884904392037281606684056223744,53998903264061405623201877366195491630115100521879457320333318553600,215995613056245622492807509464781966520460402087517829281333274214400,323598344224559095426027619564998320907884904392037281606684056223744,52733303968809966428908083365425284795034277853397907539388006400
161799172112279547713013809782499160453942452196018640803342028111872,331364704485948513716252282434558280609674142097446176365244473573113856,53998903264061405623201877366195491630115100521879457320333318553600,80899586056139773856506904891249580226971226098009320401671014055936,323598344224559095426027619564998320907884904392037281606684056223744,53998903264061405623201877366195491630115100521879457320333318553600,79003502007948997906745024307860918190401587986337226954756849664
215995613056245622492807509464781966520460402087517829281333274214400,442359015539191034865269779383873467433902903475236514368170545591091200,647196688449118190852055239129996641815769808784074563213368112447488,107997806528122811246403754732390983260230201043758914640666637107200,431991226112491244985615018929563933040920804175035658562666548428800,647196688449118190852055239129996641815769808784074563213368112447488,105466607937619932857816166730850569590068555706795815078776012800
323598344224559095426027619564998320907884904392037281606684056223744,662729408971897027432504564869116561219348284194892352730488947146227712,107997806528122811246403754732390983260230201043758914640666637107200,161799172112279547713013809782499160453942452196018640803342028111872,647196688449118190852055239129996641815769808784074563213368112447488,107997806528122811246403754732390983260230201043758914640666637107200,158007004015897995813490048615721836380803175972674453909513699328
431991226112491244985615018929563933040920804175035658562666548428800,884718031078382069730539558767746934867805806950473028736341091182182400,1294393376898236381704110478259993283631539617568149126426736224894976,215995613056245622492807509464781966520460402087517829281333274214400,863982452224982489971230037859127866081841608350071317125333096857600,1294393376898236381704110478259993283631539617568149126426736224894976,210933215875239865715632333461701139180137111413591630157552025600
647196688449118190852055239129996641815769808784074563213368112447488,1325458817943794054865009129738233122438696568389784705460977894292455424,215995613056245622492807509464781966520460402087517829281333274214400,323598344224559095426027619564998320907884904392037281606684056223744,1294393376898236381704110478259993283631539617568149126426736224894976,215995613056245622492807509464781966520460402087517829281333274214400,316014008031795991626980097231443672761606351945348907819027398656
863982452224982489971230037859127866081841608350071317125333096857600,1769436062156764139461079117535493869735611613900946057472682182364364800,2588786753796472763408220956519986567263079235136298252853472449789952,431991226112491244985615018929563933040920804175035658562666548428800,1727964904449964979942460075718255732163683216700142634250666193715200,2588786753796472763408220956519986567263079235136298252853472449789952,421866431750479731431264666923402278360274222827183260315104051200
1294393376898236381704110478259993283631539617568149126426736224894976,2650917635887588109730018259476466244877393136779569410921955788584910848,431991226112491244985615018929563933040920804175035658562666548428800,647196688449118190852055239129996641815769808784074563213368112447488,2588786753796472763408220956519986567263079235136298252853472449789952,431991226112491244985615018929563933040920804175035658562666548428800,632028016063591983253960194462887345523212703890697815638054797312
1727964904449964979942460075718255732163683216700142634250666193715200,3538872124313528278922158235070987739471223227801892114945364364728729600,5177573507592945526816441913039973134526158470272596505706944899579904,863982452224982489971230037859127866081841608350071317125333096857600,3455929808899929959884920151436511464327366433400285268501332387430400,5177573507592945526816441913039973134526158470272596505706944899579904,843732863500959462862529333846804556720548445654366520630208102400
2588786753796472763408220956519986567263079235136298252853472449789952,5301835271775176219460036518952932489754786273559138821843911577169821696,863982452224982489971230037859127866081841608350071317125333096857600,1294393376898236381704110478259993283631539617568149126426736224894976,5177573507592945526816441913039973134526158470272596505706944899579904,863982452224982489971230037859127866081841608350071317125333096857600,1264056032127183966507920388925774691046425407781395631276109594624
3455929808899929959884920151436511464327366433400285268501332387430400,7077744248627056557844316470141975478942446455603784229890728729457459200,10355147015185891053632883826079946269052316940545193011413889799159808,1727964904449964979942460075718255732163683216700142634250666193715200,0,10355147015185891053632883826079946269052316940545193011413889799159808,1687465727001918925725058667693609113441096891308733041260416204800
5177573507592945526816441913039973134526158470272596505706944899579904,10603670543550352438920073037905864979509572547118277643687823154339643392,1727964904449964979942460075718255732163683216700142634250666193715200,2588786753796472763408220956519986567263079235136298252853472449789952,10355147015185891053632883826079946269052316940545193011413889799159808,1727964904449964979942460075718255732163683216700142634250666193715200,2528112064254367933015840777851549382092850815562791262552219189248
10355147015185891053632883826079946269052316940545193011413889799159808,21207341087100704877840146075811729959019145094236555287375646308679286784,3455929808899929959884920151436511464327366433400285268501332387430400,5177573507592945526816441913039973134526158470272596505706944899579904,0,3455929808899929959884920151436511464327366433400285268501332387430400,5056224128508735866031681555703098764185701631125582525104438378496
27647438471199439679079361211492091714618931467202282148010659099443200,0,0,0,55294876942398879358158722422984183429237862934404564296021318198886400,0,13499725816015351405800469341548872907528775130469864330083329638400
55294876942398879358158722422984183429237862934404564296021318198886400,0,165682352242974256858126141217279140304837071048723088182622236786556928,27647438471199439679079361211492091714618931467202282148010659099443200,110589753884797758716317444845968366858475725868809128592042636397772800,165682352242974256858126141217279140304837071048723088182622236786556928,26999451632030702811600938683097745815057550260939728660166659276800
110589753884797758716317444845968366858475725868809128592042636397772800,0,331364704485948513716252282434558280609674142097446176365244473573113856,55294876942398879358158722422984183429237862934404564296021318198886400,221179507769595517432634889691936733716951451737618257184085272795545600,331364704485948513716252282434558280609674142097446176365244473573113856,53998903264061405623201877366195491630115100521879457320333318553600
165682352242974256858126141217279140304837071048723088182622236786556928,0,55294876942398879358158722422984183429237862934404564296021318198886400,0,331364704485948513716252282434558280609674142097446176365244473573113856,55294876942398879358158722422984183429237862934404564296021318198886400,80899586056139773856506904891249580226971226098009320401671014055936
221179507769595517432634889691936733716951451737618257184085272795545600,0,662729408971897027432504564869116561219348284194892352730488947146227712,110589753884797758716317444845968366858475725868809128592042636397772800,442359015539191034865269779383873467433902903475236514368170545591091200,662729408971897027432504564869116561219348284194892352730488947146227712,107997806528122811246403754732390983260230201043758914640666637107200
331364704485948513716252282434558280609674142097446176365244473573113856,0,110589753884797758716317444845968366858475725868809128592042636397772800,165682352242974256858126141217279140304837071048723088182622236786556928,662729408971897027432504564869116561219348284194892352730488947146227712,110589753884797758716317444845968366858475725868809128592042636397772800,161799172112279547713013809782499160453942452196018640803342028111872
442359015539191034865269779383873467433902903475236514368170545591091200,0,1325458817943794054865009129738233122438696568389784705460977894292455424,221179507769595517432634889691936733716951451737618257184085272795545600,884718031078382069730539558767746934867805806950473028736341091182182400,1325458817943794054865009129738233122438696568389784705460977894292455424,215995613056245622492807509464781966520460402087517829281333274214400
662729408971897027432504564869116561219348284194892352730488947146227712,0,221179507769595517432634889691936733716951451737618257184085272795545600,331364704485948513716252282434558280609674142097446176365244473573113856,1325458817943794054865009129738233122438696568389784705460977894292455424,221179507769595517432634889691936733716951451737618257184085272795545600,323598344224559095426027619564998320907884904392037281606684056223744
884718031078382069730539558767746934867805806950473028736341091182182400,0,2650917635887588109730018259476466244877393136779569410921955788584910848,442359015539191034865269779383873467433902903475236514368170545591091200,1769436062156764139461079117535493869735611613900946057472682182364364800,2650917635887588109730018259476466244877393136779569410921955788584910848,431991226112491244985615018929563933040920804175035658562666548428800
1325458817943794054865009129738233122438696568389784705460977894292455424,0,442359015539191034865269779383873467433902903475236514368170545591091200,662729408971897027432504564869116561219348284194892352730488947146227712,2650917635887588109730018259476466244877393136779569410921955788584910848,442359015539191034865269779383873467433902903475236514368170545591091200,647196688449118190852055239129996641815769808784074563213368112447488
1769436062156764139461079117535493869735611613900946057472682182364364800,0,5301835271775176219460036518952932489754786273559138821843911577169821696,884718031078382069730539558767746934867805806950473028736341091182182400,3538872124313528278922158235070987739471223227801892114945364364728729600,5301835271775176219460036518952932489754786273559138821843911577169821696,863982452224982489971230037859127866081841608350071317125333096857600
2650917635887588109730018259476466244877393136779569410921955788584910848,0,884718031078382069730539558767746934867805806950473028736341091182182400,1325458817943794054865009129738233122438696568389784705460977894292455424,5301835271775176219460036518952932489754786273559138821843911577169821696,884718031078382069730539558767746934867805806950473028736341091182182400,1294393376898236381704110478259993283631539617568149126426736224894976
3538872124313528278922158235070987739471223227801892114945364364728729600,0,10603670543550352438920073037905864979509572547118277643687823154339643392,1769436062156764139461079117535493869735611613900946057472682182364364800,7077744248627056557844316470141975478942446455603784229890728729457459200,10603670543550352438920073037905864979509572547118277643687823154339643392,1727964904449964979942460075718255732163683216700142634250666193715200
5301835271775176219460036518952932489754786273559138821843911577169821696,0,1769436062156764139461079117535493869735611613900946057472682182364364800,2650917635887588109730018259476466244877393136779569410921955788584910848,10603670543550352438920073037905864979509572547118277643687823154339643392,1769436062156764139461079117535493869735611613900946057472682182364364800,2588786753796472763408220956519986567263079235136298252853472449789952
7077744248627056557844316470141975478942446455603784229890728729457459200,0,21207341087100704877840146075811729959019145094236555287375646308679286784,3538872124313528278922158235070987739471223227801892114945364364728729600,0,21207341087100704877840146075811729959019145094236555287375646308679286784,3455929808899929959884920151436511464327366433400285268501332387430400
10603670543550352438920073037905864979509572547118277643687823154339643392,0,3538872124313528278922158235070987739471223227801892114945364364728729600,5301835271775176219460036518952932489754786273559138821843911577169821696,21207341087100704877840146075811729959019145094236555287375646308679286784,3538872124313528278922158235070987739471223227801892114945364364728729600,5177573507592945526816441913039973134526158470272596505706944899579904
21207341087100704877840146075811729959019145094236555287375646308679286784,0,7077744248627056557844316470141975478942446455603784229890728729457459200,10603670543550352438920073037905864979509572547118277643687823154339643392,0,7077744248627056557844316470141975478942446455603784229890728729457459200,10355147015185891053632883826079946269052316940545193011413889799159808
