206259093504,422418623496192,206259093504,0,412518187008,206259093504,0
412518187008,844837246992384,412518187008,206259093504,825036374016,412518187008,0
825036374016,1689674493984768,825036374016,412518187008,1650072748032,825036374016,0
1650072748032,3379348987969536,1650072748032,825036374016,3300145496064,1650072748032,0
3300145496064,6758697975939072,3300145496064,1650072748032,6600290992128,3300145496064,0
6600290992128,13517395951878144,6600290992128,3300145496064,13200581984256,6600290992128,0
13200581984256,27034791903756288,13200581984256,6600290992128,26401163968512,13200581984256,0
26401163968512,54069583807512576,26401163968512,13200581984256,52802327937024,26401163968512,0
52802327937024,108139167615025152,52802327937024,26401163968512,0,52802327937024,0
422418623496192,865113340920201216,422418623496192,0,844837246992384,422418623496192,206259093504
844837246992384,1730226681840402432,844837246992384,422418623496192,1689674493984768,844837246992384,412518187008
1689674493984768,3460453363680804864,1689674493984768,844837246992384,3379348987969536,1689674493984768,825036374016
3379348987969536,6920906727361609728,3379348987969536,1689674493984768,6758697975939072,3379348987969536,1650072748032
6758697975939072,13841813454723219456,6758697975939072,3379348987969536,13517395951878144,6758697975939072,3300145496064
13517395951878144,27683626909446438912,13517395951878144,6758697975939072,27034791903756288,13517395951878144,6600290992128
27034791903756288,55367253818892877824,27034791903756288,13517395951878144,54069583807512576,27034791903756288,13200581984256
54069583807512576,110734507637785755648,54069583807512576,27034791903756288,108139167615025152,54069583807512576,26401163968512
108139167615025152,221469015275571511296,108139167615025152,54069583807512576,0,108139167615025152,52802327937024
865113340920201216,1771752122204572090368,865113340920201216,0,1730226681840402432,865113340920201216,422418623496192
1730226681840402432,3543504244409144180736,1730226681840402432,865113340920201216,3460453363680804864,1730226681840402432,844837246992384
3460453363680804864,7087008488818288361472,3460453363680804864,1730226681840402432,6920906727361609728,3460453363680804864,1689674493984768
6920906727361609728,14174016977636576722944,6920906727361609728,3460453363680804864,13841813454723219456,6920906727361609728,3379348987969536
13841813454723219456,28348033955273153445888,13841813454723219456,6920906727361609728,27683626909446438912,13841813454723219456,6758697975939072
27683626909446438912,56696067910546306891776,27683626909446438912,13841813454723219456,55367253818892877824,27683626909446438912,13517395951878144
55367253818892877824,113392135821092613783552,55367253818892877824,27683626909446438912,110734507637785755648,55367253818892877824,27034791903756288
110734507637785755648,226784271642185227567104,110734507637785755648,55367253818892877824,221469015275571511296,110734507637785755648,54069583807512576
221469015275571511296,453568543284370455134208,221469015275571511296,110734507637785755648,0,221469015275571511296,108139167615025152
1771752122204572090368,3628548346274963641073664,1771752122204572090368,0,3543504244409144180736,1771752122204572090368,865113340920201216
3543504244409144180736,7257096692549927282147328,3543504244409144180736,1771752122204572090368,7087008488818288361472,3543504244409144180736,1730226681840402432
7087008488818288361472,14514193385099854564294656,7087008488818288361472,3543504244409144180736,14174016977636576722944,7087008488818288361472,3460453363680804864
14174016977636576722944,29028386770199709128589312,14174016977636576722944,7087008488818288361472,28348033955273153445888,14174016977636576722944,6920906727361609728
28348033955273153445888,58056773540399418257178624,28348033955273153445888,14174016977636576722944,56696067910546306891776,28348033955273153445888,13841813454723219456
56696067910546306891776,116113547080798836514357248,56696067910546306891776,28348033955273153445888,113392135821092613783552,56696067910546306891776,27683626909446438912
113392135821092613783552,232227094161597673028714496,113392135821092613783552,56696067910546306891776,226784271642185227567104,113392135821092613783552,55367253818892877824
226784271642185227567104,464454188323195346057428992,226784271642185227567104,113392135821092613783552,453568543284370455134208,226784271642185227567104,110734507637785755648
453568543284370455134208,928908376646390692114857984,453568543284370455134208,226784271642185227567104,0,453568543284370455134208,221469015275571511296
3628548346274963641073664,7431267013171125536918863872,3628548346274963641073664,0,7257096692549927282147328,3628548346274963641073664,1771752122204572090368
7257096692549927282147328,14862534026342251073837727744,7257096692549927282147328,3628548346274963641073664,14514193385099854564294656,7257096692549927282147328,3543504244409144180736
14514193385099854564294656,29725068052684502147675455488,14514193385099854564294656,7257096692549927282147328,29028386770199709128589312,14514193385099854564294656,7087008488818288361472
29028386770199709128589312,59450136105369004295350910976,29028386770199709128589312,14514193385099854564294656,58056773540399418257178624,29028386770199709128589312,14174016977636576722944
58056773540399418257178624,118900272210738008590701821952,58056773540399418257178624,29028386770199709128589312,116113547080798836514357248,58056773540399418257178624,28348033955273153445888
116113547080798836514357248,237800544421476017181403643904,116113547080798836514357248,58056773540399418257178624,232227094161597673028714496,116113547080798836514357248,56696067910546306891776
232227094161597673028714496,475601088842952034362807287808,232227094161597673028714496,116113547080798836514357248,464454188323195346057428992,232227094161597673028714496,113392135821092613783552
464454188323195346057428992,951202177685904068725614575616,464454188323195346057428992,232227094161597673028714496,928908376646390692114857984,464454188323195346057428992,226784271642185227567104
928908376646390692114857984,1902404355371808137451229151232,928908376646390692114857984,464454188323195346057428992,0,928908376646390692114857984,453568543284370455134208
7431267013171125536918863872,15219234842974465099609833209856,7431267013171125536918863872,0,14862534026342251073837727744,7431267013171125536918863872,3628548346274963641073664
14862534026342251073837727744,30438469685948930199219666419712,14862534026342251073837727744,7431267013171125536918863872,29725068052684502147675455488,14862534026342251073837727744,7257096692549927282147328
29725068052684502147675455488,60876939371897860398439332839424,29725068052684502147675455488,14862534026342251073837727744,59450136105369004295350910976,29725068052684502147675455488,14514193385099854564294656
59450136105369004295350910976,121753878743795720796878665678848,59450136105369004295350910976,29725068052684502147675455488,118900272210738008590701821952,59450136105369004295350910976,29028386770199709128589312
118900272210738008590701821952,243507757487591441593757331357696,118900272210738008590701821952,59450136105369004295350910976,237800544421476017181403643904,118900272210738008590701821952,58056773540399418257178624
237800544421476017181403643904,487015514975182883187514662715392,237800544421476017181403643904,118900272210738008590701821952,475601088842952034362807287808,237800544421476017181403643904,116113547080798836514357248
475601088842952034362807287808,974031029950365766375029325430784,475601088842952034362807287808,237800544421476017181403643904,951202177685904068725614575616,475601088842952034362807287808,232227094161597673028714496
951202177685904068725614575616,1948062059900731532750058650861568,951202177685904068725614575616,475601088842952034362807287808,1902404355371808137451229151232,951202177685904068725614575616,464454188323195346057428992
1902404355371808137451229151232,3896124119801463065500117301723136,1902404355371808137451229151232,951202177685904068725614575616,0,1902404355371808137451229151232,928908376646390692114857984
15219234842974465099609833209856,31168992958411704524000938413785088,15219234842974465099609833209856,0,30438469685948930199219666419712,15219234842974465099609833209856,7431267013171125536918863872
30438469685948930199219666419712,62337985916823409048001876827570176,30438469685948930199219666419712,15219234842974465099609833209856,60876939371897860398439332839424,30438469685948930199219666419712,14862534026342251073837727744
60876939371897860398439332839424,124675971833646818096003753655140352,60876939371897860398439332839424,30438469685948930199219666419712,121753878743795720796878665678848,60876939371897860398439332839424,29725068052684502147675455488
121753878743795720796878665678848,249351943667293636192007507310280704,121753878743795720796878665678848,60876939371897860398439332839424,243507757487591441593757331357696,121753878743795720796878665678848,59450136105369004295350910976
243507757487591441593757331357696,498703887334587272384015014620561408,243507757487591441593757331357696,121753878743795720796878665678848,487015514975182883187514662715392,243507757487591441593757331357696,118900272210738008590701821952
487015514975182883187514662715392,997407774669174544768030029241122816,487015514975182883187514662715392,243507757487591441593757331357696,974031029950365766375029325430784,487015514975182883187514662715392,237800544421476017181403643904
974031029950365766375029325430784,1994815549338349089536060058482245632,974031029950365766375029325430784,487015514975182883187514662715392,1948062059900731532750058650861568,974031029950365766375029325430784,475601088842952034362807287808
1948062059900731532750058650861568,3989631098676698179072120116964491264,1948062059900731532750058650861568,974031029950365766375029325430784,3896124119801463065500117301723136,1948062059900731532750058650861568,951202177685904068725614575616
3896124119801463065500117301723136,7979262197353396358144240233928982528,3896124119801463065500117301723136,1948062059900731532750058650861568,0,3896124119801463065500117301723136,1902404355371808137451229151232
31168992958411704524000938413785088,63834097578827170865153921871431860224,31168992958411704524000938413785088,0,62337985916823409048001876827570176,31168992958411704524000938413785088,15219234842974465099609833209856
62337985916823409048001876827570176,127668195157654341730307843742863720448,62337985916823409048001876827570176,31168992958411704524000938413785088,124675971833646818096003753655140352,62337985916823409048001876827570176,30438469685948930199219666419712
124675971833646818096003753655140352,255336390315308683460615687485727440896,124675971833646818096003753655140352,62337985916823409048001876827570176,249351943667293636192007507310280704,124675971833646818096003753655140352,60876939371897860398439332839424
249351943667293636192007507310280704,510672780630617366921231374971454881792,249351943667293636192007507310280704,124675971833646818096003753655140352,498703887334587272384015014620561408,249351943667293636192007507310280704,121753878743795720796878665678848
498703887334587272384015014620561408,1021345561261234733842462749942909763584,498703887334587272384015014620561408,249351943667293636192007507310280704,997407774669174544768030029241122816,498703887334587272384015014620561408,243507757487591441593757331357696
997407774669174544768030029241122816,2042691122522469467684925499885819527168,997407774669174544768030029241122816,498703887334587272384015014620561408,1994815549338349089536060058482245632,997407774669174544768030029241122816,487015514975182883187514662715392
1994815549338349089536060058482245632,4085382245044938935369850999771639054336,1994815549338349089536060058482245632,997407774669174544768030029241122816,3989631098676698179072120116964491264,1994815549338349089536060058482245632,974031029950365766375029325430784
3989631098676698179072120116964491264,8170764490089877870739701999543278108672,3989631098676698179072120116964491264,1994815549338349089536060058482245632,7979262197353396358144240233928982528,3989631098676698179072120116964491264,1948062059900731532750058650861568
7979262197353396358144240233928982528,16341528980179755741479403999086556217344,7979262197353396358144240233928982528,3989631098676698179072120116964491264,0,7979262197353396358144240233928982528,3896124119801463065500117301723136
63834097578827170865153921871431860224,130732231841438045931835231992692449738752,63834097578827170865153921871431860224,0,127668195157654341730307843742863720448,63834097578827170865153921871431860224,31168992958411704524000938413785088
127668195157654341730307843742863720448,261464463682876091863670463985384899477504,127668195157654341730307843742863720448,63834097578827170865153921871431860224,255336390315308683460615687485727440896,127668195157654341730307843742863720448,62337985916823409048001876827570176
255336390315308683460615687485727440896,522928927365752183727340927970769798955008,255336390315308683460615687485727440896,127668195157654341730307843742863720448,510672780630617366921231374971454881792,255336390315308683460615687485727440896,124675971833646818096003753655140352
510672780630617366921231374971454881792,1045857854731504367454681855941539597910016,510672780630617366921231374971454881792,255336390315308683460615687485727440896,1021345561261234733842462749942909763584,510672780630617366921231374971454881792,249351943667293636192007507310280704
1021345561261234733842462749942909763584,2091715709463008734909363711883079195820032,1021345561261234733842462749942909763584,510672780630617366921231374971454881792,2042691122522469467684925499885819527168,1021345561261234733842462749942909763584,498703887334587272384015014620561408
2042691122522469467684925499885819527168,4183431418926017469818727423766158391640064,2042691122522469467684925499885819527168,1021345561261234733842462749942909763584,4085382245044938935369850999771639054336,2042691122522469467684925499885819527168,997407774669174544768030029241122816
4085382245044938935369850999771639054336,8366862837852034939637454847532316783280128,4085382245044938935369850999771639054336,2042691122522469467684925499885819527168,8170764490089877870739701999543278108672,4085382245044938935369850999771639054336,1994815549338349089536060058482245632
8170764490089877870739701999543278108672,16733725675704069879274909695064633566560256,8170764490089877870739701999543278108672,4085382245044938935369850999771639054336,16341528980179755741479403999086556217344,8170764490089877870739701999543278108672,3989631098676698179072120116964491264
16341528980179755741479403999086556217344,33467451351408139758549819390129267133120512,16341528980179755741479403999086556217344,8170764490089877870739701999543278108672,0,16341528980179755741479403999086556217344,7979262197353396358144240233928982528
130732231841438045931835231992692449738752,267739610811265118068398555121034137064964096,130732231841438045931835231992692449738752,0,261464463682876091863670463985384899477504,130732231841438045931835231992692449738752,63834097578827170865153921871431860224
261464463682876091863670463985384899477504,535479221622530236136797110242068274129928192,261464463682876091863670463985384899477504,130732231841438045931835231992692449738752,522928927365752183727340927970769798955008,261464463682876091863670463985384899477504,127668195157654341730307843742863720448
522928927365752183727340927970769798955008,1070958443245060472273594220484136548259856384,522928927365752183727340927970769798955008,261464463682876091863670463985384899477504,1045857854731504367454681855941539597910016,522928927365752183727340927970769798955008,255336390315308683460615687485727440896
1045857854731504367454681855941539597910016,2141916886490120944547188440968273096519712768,1045857854731504367454681855941539597910016,522928927365752183727340927970769798955008,2091715709463008734909363711883079195820032,1045857854731504367454681855941539597910016,510672780630617366921231374971454881792
2091715709463008734909363711883079195820032,4283833772980241889094376881936546193039425536,2091715709463008734909363711883079195820032,1045857854731504367454681855941539597910016,4183431418926017469818727423766158391640064,2091715709463008734909363711883079195820032,1021345561261234733842462749942909763584
4183431418926017469818727423766158391640064,8567667545960483778188753763873092386078851072,4183431418926017469818727423766158391640064,2091715709463008734909363711883079195820032,8366862837852034939637454847532316783280128,4183431418926017469818727423766158391640064,2042691122522469467684925499885819527168
8366862837852034939637454847532316783280128,17135335091920967556377507527746184772157702144,8366862837852034939637454847532316783280128,4183431418926017469818727423766158391640064,16733725675704069879274909695064633566560256,8366862837852034939637454847532316783280128,4085382245044938935369850999771639054336
16733725675704069879274909695064633566560256,34270670183841935112755015055492369544315404288,16733725675704069879274909695064633566560256,8366862837852034939637454847532316783280128,33467451351408139758549819390129267133120512,16733725675704069879274909695064633566560256,8170764490089877870739701999543278108672
33467451351408139758549819390129267133120512,68541340367683870225510030110984739088630808576,33467451351408139758549819390129267133120512,16733725675704069879274909695064633566560256,0,33467451351408139758549819390129267133120512,16341528980179755741479403999086556217344
267739610811265118068398555121034137064964096,548330722941470961804080240887877912709046468608,267739610811265118068398555121034137064964096,0,535479221622530236136797110242068274129928192,267739610811265118068398555121034137064964096,130732231841438045931835231992692449738752
535479221622530236136797110242068274129928192,1096661445882941923608160481775755825418092937216,535479221622530236136797110242068274129928192,267739610811265118068398555121034137064964096,1070958443245060472273594220484136548259856384,535479221622530236136797110242068274129928192,261464463682876091863670463985384899477504
1070958443245060472273594220484136548259856384,2193322891765883847216320963551511650836185874432,1070958443245060472273594220484136548259856384,535479221622530236136797110242068274129928192,2141916886490120944547188440968273096519712768,1070958443245060472273594220484136548259856384,522928927365752183727340927970769798955008
2141916886490120944547188440968273096519712768,4386645783531767694432641927103023301672371748864,2141916886490120944547188440968273096519712768,1070958443245060472273594220484136548259856384,4283833772980241889094376881936546193039425536,2141916886490120944547188440968273096519712768,1045857854731504367454681855941539597910016
4283833772980241889094376881936546193039425536,8773291567063535388865283854206046603344743497728,4283833772980241889094376881936546193039425536,2141916886490120944547188440968273096519712768,8567667545960483778188753763873092386078851072,4283833772980241889094376881936546193039425536,2091715709463008734909363711883079195820032
8567667545960483778188753763873092386078851072,17546583134127070777730567708412093206689486995456,8567667545960483778188753763873092386078851072,4283833772980241889094376881936546193039425536,17135335091920967556377507527746184772157702144,8567667545960483778188753763873092386078851072,4183431418926017469818727423766158391640064
17135335091920967556377507527746184772157702144,35093166268254141555461135416824186413378973990912,17135335091920967556377507527746184772157702144,8567667545960483778188753763873092386078851072,34270670183841935112755015055492369544315404288,17135335091920967556377507527746184772157702144,8366862837852034939637454847532316783280128
34270670183841935112755015055492369544315404288,70186332536508283110922270833648372826757947981824,34270670183841935112755015055492369544315404288,17135335091920967556377507527746184772157702144,68541340367683870225510030110984739088630808576,34270670183841935112755015055492369544315404288,16733725675704069879274909695064633566560256
68541340367683870225510030110984739088630808576,140372665073016566221844541667296745653515895963648,68541340367683870225510030110984739088630808576,34270670183841935112755015055492369544315404288,0,68541340367683870225510030110984739088630808576,33467451351408139758549819390129267133120512
548330722941470961804080240887877912709046468608,1122981320584132529774756333338373965228127167709184,548330722941470961804080240887877912709046468608,0,1096661445882941923608160481775755825418092937216,548330722941470961804080240887877912709046468608,267739610811265118068398555121034137064964096
1096661445882941923608160481775755825418092937216,2245962641168265059549512666676747930456254335418368,1096661445882941923608160481775755825418092937216,548330722941470961804080240887877912709046468608,2193322891765883847216320963551511650836185874432,1096661445882941923608160481775755825418092937216,535479221622530236136797110242068274129928192
2193322891765883847216320963551511650836185874432,4491925282336530119099025333353495860912508670836736,2193322891765883847216320963551511650836185874432,1096661445882941923608160481775755825418092937216,4386645783531767694432641927103023301672371748864,2193322891765883847216320963551511650836185874432,1070958443245060472273594220484136548259856384
4386645783531767694432641927103023301672371748864,8983850564673060238198050666706991721825017341673472,4386645783531767694432641927103023301672371748864,2193322891765883847216320963551511650836185874432,8773291567063535388865283854206046603344743497728,4386645783531767694432641927103023301672371748864,2141916886490120944547188440968273096519712768
8773291567063535388865283854206046603344743497728,17967701129346120476396101333413983443650034683346944,8773291567063535388865283854206046603344743497728,4386645783531767694432641927103023301672371748864,17546583134127070777730567708412093206689486995456,8773291567063535388865283854206046603344743497728,4283833772980241889094376881936546193039425536
17546583134127070777730567708412093206689486995456,35935402258692240952792202666827966887300069366693888,17546583134127070777730567708412093206689486995456,8773291567063535388865283854206046603344743497728,35093166268254141555461135416824186413378973990912,17546583134127070777730567708412093206689486995456,8567667545960483778188753763873092386078851072
35093166268254141555461135416824186413378973990912,71870804517384481905584405333655933774600138733387776,35093166268254141555461135416824186413378973990912,17546583134127070777730567708412093206689486995456,70186332536508283110922270833648372826757947981824,35093166268254141555461135416824186413378973990912,17135335091920967556377507527746184772157702144
70186332536508283110922270833648372826757947981824,143741609034768963811168810667311867549200277466775552,70186332536508283110922270833648372826757947981824,35093166268254141555461135416824186413378973990912,140372665073016566221844541667296745653515895963648,70186332536508283110922270833648372826757947981824,34270670183841935112755015055492369544315404288
140372665073016566221844541667296745653515895963648,287483218069537927622337621334623735098400554933551104,140372665073016566221844541667296745653515895963648,70186332536508283110922270833648372826757947981824,0,140372665073016566221844541667296745653515895963648,68541340367683870225510030110984739088630808576
1122981320584132529774756333338373965228127167709184,2299865744556303420978700970676989880787204439468408832,1122981320584132529774756333338373965228127167709184,0,2245962641168265059549512666676747930456254335418368,1122981320584132529774756333338373965228127167709184,548330722941470961804080240887877912709046468608
2245962641168265059549512666676747930456254335418368,4599731489112606841957401941353979761574408878936817664,2245962641168265059549512666676747930456254335418368,1122981320584132529774756333338373965228127167709184,4491925282336530119099025333353495860912508670836736,2245962641168265059549512666676747930456254335418368,1096661445882941923608160481775755825418092937216
4491925282336530119099025333353495860912508670836736,9199462978225213683914803882707959523148817757873635328,4491925282336530119099025333353495860912508670836736,2245962641168265059549512666676747930456254335418368,8983850564673060238198050666706991721825017341673472,4491925282336530119099025333353495860912508670836736,2193322891765883847216320963551511650836185874432
8983850564673060238198050666706991721825017341673472,18398925956450427367829607765415919046297635515747270656,8983850564673060238198050666706991721825017341673472,4491925282336530119099025333353495860912508670836736,17967701129346120476396101333413983443650034683346944,8983850564673060238198050666706991721825017341673472,4386645783531767694432641927103023301672371748864
17967701129346120476396101333413983443650034683346944,36797851912900854735659215530831838092595271031494541312,17967701129346120476396101333413983443650034683346944,8983850564673060238198050666706991721825017341673472,35935402258692240952792202666827966887300069366693888,17967701129346120476396101333413983443650034683346944,8773291567063535388865283854206046603344743497728
35935402258692240952792202666827966887300069366693888,73595703825801709471318431061663676185190542062989082624,35935402258692240952792202666827966887300069366693888,17967701129346120476396101333413983443650034683346944,71870804517384481905584405333655933774600138733387776,35935402258692240952792202666827966887300069366693888,17546583134127070777730567708412093206689486995456
71870804517384481905584405333655933774600138733387776,147191407651603418942636862123327352370381084125978165248,71870804517384481905584405333655933774600138733387776,35935402258692240952792202666827966887300069366693888,143741609034768963811168810667311867549200277466775552,71870804517384481905584405333655933774600138733387776,35093166268254141555461135416824186413378973990912
143741609034768963811168810667311867549200277466775552,294382815303206837885273724246654704740762168251956330496,143741609034768963811168810667311867549200277466775552,71870804517384481905584405333655933774600138733387776,287483218069537927622337621334623735098400554933551104,143741609034768963811168810667311867549200277466775552,70186332536508283110922270833648372826757947981824
287483218069537927622337621334623735098400554933551104,588765630606413675770547448493309409481524336503912660992,287483218069537927622337621334623735098400554933551104,143741609034768963811168810667311867549200277466775552,0,287483218069537927622337621334623735098400554933551104,140372665073016566221844541667296745653515895963648
2299865744556303420978700970676989880787204439468408832,4710125044851309406164379587946475275852194692031301287936,2299865744556303420978700970676989880787204439468408832,0,4599731489112606841957401941353979761574408878936817664,2299865744556303420978700970676989880787204439468408832,1122981320584132529774756333338373965228127167709184
4599731489112606841957401941353979761574408878936817664,9420250089702618812328759175892950551704389384062602575872,4599731489112606841957401941353979761574408878936817664,2299865744556303420978700970676989880787204439468408832,9199462978225213683914803882707959523148817757873635328,4599731489112606841957401941353979761574408878936817664,2245962641168265059549512666676747930456254335418368
9199462978225213683914803882707959523148817757873635328,18840500179405237624657518351785901103408778768125205151744,9199462978225213683914803882707959523148817757873635328,4599731489112606841957401941353979761574408878936817664,18398925956450427367829607765415919046297635515747270656,9199462978225213683914803882707959523148817757873635328,4491925282336530119099025333353495860912508670836736
18398925956450427367829607765415919046297635515747270656,37681000358810475249315036703571802206817557536250410303488,18398925956450427367829607765415919046297635515747270656,9199462978225213683914803882707959523148817757873635328,36797851912900854735659215530831838092595271031494541312,18398925956450427367829607765415919046297635515747270656,8983850564673060238198050666706991721825017341673472
36797851912900854735659215530831838092595271031494541312,75362000717620950498630073407143604413635115072500820606976,36797851912900854735659215530831838092595271031494541312,18398925956450427367829607765415919046297635515747270656,73595703825801709471318431061663676185190542062989082624,36797851912900854735659215530831838092595271031494541312,17967701129346120476396101333413983443650034683346944
73595703825801709471318431061663676185190542062989082624,150724001435241900997260146814287208827270230145001641213952,73595703825801709471318431061663676185190542062989082624,36797851912900854735659215530831838092595271031494541312,147191407651603418942636862123327352370381084125978165248,73595703825801709471318431061663676185190542062989082624,35935402258692240952792202666827966887300069366693888
147191407651603418942636862123327352370381084125978165248,301448002870483801994520293628574417654540460290003282427904,147191407651603418942636862123327352370381084125978165248,73595703825801709471318431061663676185190542062989082624,294382815303206837885273724246654704740762168251956330496,147191407651603418942636862123327352370381084125978165248,71870804517384481905584405333655933774600138733387776
294382815303206837885273724246654704740762168251956330496,602896005740967603989040587257148835309080920580006564855808,294382815303206837885273724246654704740762168251956330496,147191407651603418942636862123327352370381084125978165248,588765630606413675770547448493309409481524336503912660992,294382815303206837885273724246654704740762168251956330496,143741609034768963811168810667311867549200277466775552
588765630606413675770547448493309409481524336503912660992,1205792011481935207978081174514297670618161841160013129711616,588765630606413675770547448493309409481524336503912660992,294382815303206837885273724246654704740762168251956330496,0,588765630606413675770547448493309409481524336503912660992,287483218069537927622337621334623735098400554933551104
4710125044851309406164379587946475275852194692031301287936,9646336091855481663824649396114381364945294729280105037692928,4710125044851309406164379587946475275852194692031301287936,0,9420250089702618812328759175892950551704389384062602575872,4710125044851309406164379587946475275852194692031301287936,2299865744556303420978700970676989880787204439468408832
9420250089702618812328759175892950551704389384062602575872,19292672183710963327649298792228762729890589458560210075385856,9420250089702618812328759175892950551704389384062602575872,4710125044851309406164379587946475275852194692031301287936,18840500179405237624657518351785901103408778768125205151744,9420250089702618812328759175892950551704389384062602575872,4599731489112606841957401941353979761574408878936817664
18840500179405237624657518351785901103408778768125205151744,38585344367421926655298597584457525459781178917120420150771712,18840500179405237624657518351785901103408778768125205151744,9420250089702618812328759175892950551704389384062602575872,37681000358810475249315036703571802206817557536250410303488,18840500179405237624657518351785901103408778768125205151744,9199462978225213683914803882707959523148817757873635328
37681000358810475249315036703571802206817557536250410303488,77170688734843853310597195168915050919562357834240840301543424,37681000358810475249315036703571802206817557536250410303488,18840500179405237624657518351785901103408778768125205151744,75362000717620950498630073407143604413635115072500820606976,37681000358810475249315036703571802206817557536250410303488,18398925956450427367829607765415919046297635515747270656
75362000717620950498630073407143604413635115072500820606976,154341377469687706621194390337830101839124715668481680603086848,75362000717620950498630073407143604413635115072500820606976,37681000358810475249315036703571802206817557536250410303488,150724001435241900997260146814287208827270230145001641213952,75362000717620950498630073407143604413635115072500820606976,36797851912900854735659215530831838092595271031494541312
150724001435241900997260146814287208827270230145001641213952,308682754939375413242388780675660203678249431336963361206173696,150724001435241900997260146814287208827270230145001641213952,75362000717620950498630073407143604413635115072500820606976,301448002870483801994520293628574417654540460290003282427904,150724001435241900997260146814287208827270230145001641213952,73595703825801709471318431061663676185190542062989082624
301448002870483801994520293628574417654540460290003282427904,617365509878750826484777561351320407356498862673926722412347392,301448002870483801994520293628574417654540460290003282427904,150724001435241900997260146814287208827270230145001641213952,602896005740967603989040587257148835309080920580006564855808,301448002870483801994520293628574417654540460290003282427904,147191407651603418942636862123327352370381084125978165248
602896005740967603989040587257148835309080920580006564855808,1234731019757501652969555122702640814712997725347853444824694784,602896005740967603989040587257148835309080920580006564855808,301448002870483801994520293628574417654540460290003282427904,1205792011481935207978081174514297670618161841160013129711616,602896005740967603989040587257148835309080920580006564855808,294382815303206837885273724246654704740762168251956330496
1205792011481935207978081174514297670618161841160013129711616,2469462039515003305939110245405281629425995450695706889649389568,1205792011481935207978081174514297670618161841160013129711616,602896005740967603989040587257148835309080920580006564855808,0,1205792011481935207978081174514297670618161841160013129711616,588765630606413675770547448493309409481524336503912660992
9646336091855481663824649396114381364945294729280105037692928,19755696316120026447512881963242253035407963605565655117195116544,9646336091855481663824649396114381364945294729280105037692928,0,19292672183710963327649298792228762729890589458560210075385856,9646336091855481663824649396114381364945294729280105037692928,4710125044851309406164379587946475275852194692031301287936
19292672183710963327649298792228762729890589458560210075385856,39511392632240052895025763926484506070815927211131310234390233088,19292672183710963327649298792228762729890589458560210075385856,9646336091855481663824649396114381364945294729280105037692928,38585344367421926655298597584457525459781178917120420150771712,19292672183710963327649298792228762729890589458560210075385856,9420250089702618812328759175892950551704389384062602575872
38585344367421926655298597584457525459781178917120420150771712,79022785264480105790051527852969012141631854422262620468780466176,38585344367421926655298597584457525459781178917120420150771712,19292672183710963327649298792228762729890589458560210075385856,77170688734843853310597195168915050919562357834240840301543424,38585344367421926655298597584457525459781178917120420150771712,18840500179405237624657518351785901103408778768125205151744
77170688734843853310597195168915050919562357834240840301543424,158045570528960211580103055705938024283263708844525240937560932352,77170688734843853310597195168915050919562357834240840301543424,38585344367421926655298597584457525459781178917120420150771712,154341377469687706621194390337830101839124715668481680603086848,77170688734843853310597195168915050919562357834240840301543424,37681000358810475249315036703571802206817557536250410303488
154341377469687706621194390337830101839124715668481680603086848,316091141057920423160206111411876048566527417689050481875121864704,154341377469687706621194390337830101839124715668481680603086848,77170688734843853310597195168915050919562357834240840301543424,308682754939375413242388780675660203678249431336963361206173696,154341377469687706621194390337830101839124715668481680603086848,75362000717620950498630073407143604413635115072500820606976
308682754939375413242388780675660203678249431336963361206173696,632182282115840846320412222823752097133054835378100963750243729408,308682754939375413242388780675660203678249431336963361206173696,154341377469687706621194390337830101839124715668481680603086848,617365509878750826484777561351320407356498862673926722412347392,308682754939375413242388780675660203678249431336963361206173696,150724001435241900997260146814287208827270230145001641213952
617365509878750826484777561351320407356498862673926722412347392,1264364564231681692640824445647504194266109670756201927500487458816,617365509878750826484777561351320407356498862673926722412347392,308682754939375413242388780675660203678249431336963361206173696,1234731019757501652969555122702640814712997725347853444824694784,617365509878750826484777561351320407356498862673926722412347392,301448002870483801994520293628574417654540460290003282427904
1234731019757501652969555122702640814712997725347853444824694784,2528729128463363385281648891295008388532219341512403855000974917632,1234731019757501652969555122702640814712997725347853444824694784,617365509878750826484777561351320407356498862673926722412347392,2469462039515003305939110245405281629425995450695706889649389568,1234731019757501652969555122702640814712997725347853444824694784,602896005740967603989040587257148835309080920580006564855808
2469462039515003305939110245405281629425995450695706889649389568,5057458256926726770563297782590016777064438683024807710001949835264,2469462039515003305939110245405281629425995450695706889649389568,1234731019757501652969555122702640814712997725347853444824694784,0,2469462039515003305939110245405281629425995450695706889649389568,1205792011481935207978081174514297670618161841160013129711616
19755696316120026447512881963242253035407963605565655117195116544,40459666055413814164506382260720134216515509464198461680015598682112,19755696316120026447512881963242253035407963605565655117195116544,0,39511392632240052895025763926484506070815927211131310234390233088,19755696316120026447512881963242253035407963605565655117195116544,9646336091855481663824649396114381364945294729280105037692928
39511392632240052895025763926484506070815927211131310234390233088,80919332110827628329012764521440268433031018928396923360031197364224,39511392632240052895025763926484506070815927211131310234390233088,19755696316120026447512881963242253035407963605565655117195116544,79022785264480105790051527852969012141631854422262620468780466176,39511392632240052895025763926484506070815927211131310234390233088,19292672183710963327649298792228762729890589458560210075385856
79022785264480105790051527852969012141631854422262620468780466176,161838664221655256658025529042880536866062037856793846720062394728448,79022785264480105790051527852969012141631854422262620468780466176,39511392632240052895025763926484506070815927211131310234390233088,158045570528960211580103055705938024283263708844525240937560932352,79022785264480105790051527852969012141631854422262620468780466176,38585344367421926655298597584457525459781178917120420150771712
158045570528960211580103055705938024283263708844525240937560932352,323677328443310513316051058085761073732124075713587693440124789456896,158045570528960211580103055705938024283263708844525240937560932352,79022785264480105790051527852969012141631854422262620468780466176,316091141057920423160206111411876048566527417689050481875121864704,158045570528960211580103055705938024283263708844525240937560932352,77170688734843853310597195168915050919562357834240840301543424
316091141057920423160206111411876048566527417689050481875121864704,647354656886621026632102116171522147464248151427175386880249578913792,316091141057920423160206111411876048566527417689050481875121864704,158045570528960211580103055705938024283263708844525240937560932352,632182282115840846320412222823752097133054835378100963750243729408,316091141057920423160206111411876048566527417689050481875121864704,154341377469687706621194390337830101839124715668481680603086848
632182282115840846320412222823752097133054835378100963750243729408,1294709313773242053264204232343044294928496302854350773760499157827584,632182282115840846320412222823752097133054835378100963750243729408,316091141057920423160206111411876048566527417689050481875121864704,1264364564231681692640824445647504194266109670756201927500487458816,632182282115840846320412222823752097133054835378100963750243729408,308682754939375413242388780675660203678249431336963361206173696
1264364564231681692640824445647504194266109670756201927500487458816,2589418627546484106528408464686088589856992605708701547520998315655168,1264364564231681692640824445647504194266109670756201927500487458816,632182282115840846320412222823752097133054835378100963750243729408,2528729128463363385281648891295008388532219341512403855000974917632,1264364564231681692640824445647504194266109670756201927500487458816,617365509878750826484777561351320407356498862673926722412347392
2528729128463363385281648891295008388532219341512403855000974917632,5178837255092968213056816929372177179713985211417403095041996631310336,2528729128463363385281648891295008388532219341512403855000974917632,1264364564231681692640824445647504194266109670756201927500487458816,5057458256926726770563297782590016777064438683024807710001949835264,2528729128463363385281648891295008388532219341512403855000974917632,1234731019757501652969555122702640814712997725347853444824694784
5057458256926726770563297782590016777064438683024807710001949835264,10357674510185936426113633858744354359427970422834806190083993262620672,5057458256926726770563297782590016777064438683024807710001949835264,2528729128463363385281648891295008388532219341512403855000974917632,0,5057458256926726770563297782590016777064438683024807710001949835264,2469462039515003305939110245405281629425995450695706889649389568
40459666055413814164506382260720134216515509464198461680015598682112,82861396081487491408909070869954834875423763382678449520671946100965376,40459666055413814164506382260720134216515509464198461680015598682112,0,80919332110827628329012764521440268433031018928396923360031197364224,40459666055413814164506382260720134216515509464198461680015598682112,19755696316120026447512881963242253035407963605565655117195116544
80919332110827628329012764521440268433031018928396923360031197364224,165722792162974982817818141739909669750847526765356899041343892201930752,80919332110827628329012764521440268433031018928396923360031197364224,40459666055413814164506382260720134216515509464198461680015598682112,161838664221655256658025529042880536866062037856793846720062394728448,80919332110827628329012764521440268433031018928396923360031197364224,39511392632240052895025763926484506070815927211131310234390233088
161838664221655256658025529042880536866062037856793846720062394728448,331445584325949965635636283479819339501695053530713798082687784403861504,161838664221655256658025529042880536866062037856793846720062394728448,80919332110827628329012764521440268433031018928396923360031197364224,323677328443310513316051058085761073732124075713587693440124789456896,161838664221655256658025529042880536866062037856793846720062394728448,79022785264480105790051527852969012141631854422262620468780466176
323677328443310513316051058085761073732124075713587693440124789456896,662891168651899931271272566959638679003390107061427596165375568807723008,323677328443310513316051058085761073732124075713587693440124789456896,161838664221655256658025529042880536866062037856793846720062394728448,647354656886621026632102116171522147464248151427175386880249578913792,323677328443310513316051058085761073732124075713587693440124789456896,158045570528960211580103055705938024283263708844525240937560932352
647354656886621026632102116171522147464248151427175386880249578913792,1325782337303799862542545133919277358006780214122855192330751137615446016,647354656886621026632102116171522147464248151427175386880249578913792,323677328443310513316051058085761073732124075713587693440124789456896,1294709313773242053264204232343044294928496302854350773760499157827584,647354656886621026632102116171522147464248151427175386880249578913792,316091141057920423160206111411876048566527417689050481875121864704
1294709313773242053264204232343044294928496302854350773760499157827584,2651564674607599725085090267838554716013560428245710384661502275230892032,1294709313773242053264204232343044294928496302854350773760499157827584,647354656886621026632102116171522147464248151427175386880249578913792,2589418627546484106528408464686088589856992605708701547520998315655168,1294709313773242053264204232343044294928496302854350773760499157827584,632182282115840846320412222823752097133054835378100963750243729408
2589418627546484106528408464686088589856992605708701547520998315655168,5303129349215199450170180535677109432027120856491420769323004550461784064,2589418627546484106528408464686088589856992605708701547520998315655168,1294709313773242053264204232343044294928496302854350773760499157827584,5178837255092968213056816929372177179713985211417403095041996631310336,2589418627546484106528408464686088589856992605708701547520998315655168,1264364564231681692640824445647504194266109670756201927500487458816
5178837255092968213056816929372177179713985211417403095041996631310336,10606258698430398900340361071354218864054241712982841538646009100923568128,5178837255092968213056816929372177179713985211417403095041996631310336,2589418627546484106528408464686088589856992605708701547520998315655168,10357674510185936426113633858744354359427970422834806190083993262620672,5178837255092968213056816929372177179713985211417403095041996631310336,2528729128463363385281648891295008388532219341512403855000974917632
10357674510185936426113633858744354359427970422834806190083993262620672,21212517396860797800680722142708437728108483425965683077292018201847136256,10357674510185936426113633858744354359427970422834806190083993262620672,5178837255092968213056816929372177179713985211417403095041996631310336,0,10357674510185936426113633858744354359427970422834806190083993262620672,5057458256926726770563297782590016777064438683024807710001949835264
82861396081487491408909070869954834875423763382678449520671946100965376,0,82861396081487491408909070869954834875423763382678449520671946100965376,0,165722792162974982817818141739909669750847526765356899041343892201930752,82861396081487491408909070869954834875423763382678449520671946100965376,40459666055413814164506382260720134216515509464198461680015598682112
165722792162974982817818141739909669750847526765356899041343892201930752,0,165722792162974982817818141739909669750847526765356899041343892201930752,82861396081487491408909070869954834875423763382678449520671946100965376,331445584325949965635636283479819339501695053530713798082687784403861504,165722792162974982817818141739909669750847526765356899041343892201930752,80919332110827628329012764521440268433031018928396923360031197364224
331445584325949965635636283479819339501695053530713798082687784403861504,0,331445584325949965635636283479819339501695053530713798082687784403861504,165722792162974982817818141739909669750847526765356899041343892201930752,662891168651899931271272566959638679003390107061427596165375568807723008,331445584325949965635636283479819339501695053530713798082687784403861504,161838664221655256658025529042880536866062037856793846720062394728448
662891168651899931271272566959638679003390107061427596165375568807723008,0,662891168651899931271272566959638679003390107061427596165375568807723008,331445584325949965635636283479819339501695053530713798082687784403861504,1325782337303799862542545133919277358006780214122855192330751137615446016,662891168651899931271272566959638679003390107061427596165375568807723008,323677328443310513316051058085761073732124075713587693440124789456896
1325782337303799862542545133919277358006780214122855192330751137615446016,0,1325782337303799862542545133919277358006780214122855192330751137615446016,662891168651899931271272566959638679003390107061427596165375568807723008,2651564674607599725085090267838554716013560428245710384661502275230892032,1325782337303799862542545133919277358006780214122855192330751137615446016,647354656886621026632102116171522147464248151427175386880249578913792
2651564674607599725085090267838554716013560428245710384661502275230892032,0,2651564674607599725085090267838554716013560428245710384661502275230892032,1325782337303799862542545133919277358006780214122855192330751137615446016,5303129349215199450170180535677109432027120856491420769323004550461784064,2651564674607599725085090267838554716013560428245710384661502275230892032,1294709313773242053264204232343044294928496302854350773760499157827584
5303129349215199450170180535677109432027120856491420769323004550461784064,0,5303129349215199450170180535677109432027120856491420769323004550461784064,2651564674607599725085090267838554716013560428245710384661502275230892032,10606258698430398900340361071354218864054241712982841538646009100923568128,5303129349215199450170180535677109432027120856491420769323004550461784064,2589418627546484106528408464686088589856992605708701547520998315655168
10606258698430398900340361071354218864054241712982841538646009100923568128,0,10606258698430398900340361071354218864054241712982841538646009100923568128,5303129349215199450170180535677109432027120856491420769323004550461784064,21212517396860797800680722142708437728108483425965683077292018201847136256,10606258698430398900340361071354218864054241712982841538646009100923568128,5178837255092968213056816929372177179713985211417403095041996631310336
21212517396860797800680722142708437728108483425965683077292018201847136256,0,21212517396860797800680722142708437728108483425965683077292018201847136256,10606258698430398900340361071354218864054241712982841538646009100923568128,0,21212517396860797800680722142708437728108483425965683077292018201847136256,10357674510185936426113633858744354359427970422834806190083993262620672
