137539633152,281681168695296,0,0,275079266304,0,0
206359756800,422624781926400,275079266304,0,412719513600,275079266304,0
275079266304,563362337390592,206359756800,137539633152,550158532608,206359756800,0
412719513600,845249563852800,550158532608,206359756800,825439027200,550158532608,0
550158532608,1126724674781184,412719513600,275079266304,1100317065216,412719513600,0
825439027200,1690499127705600,1100317065216,412719513600,1650878054400,1100317065216,0
1100317065216,2253449349562368,825439027200,550158532608,2200634130432,825439027200,0
1650878054400,3380998255411200,2200634130432,825439027200,3301756108800,2200634130432,0
2200634130432,4506898699124736,1650878054400,1100317065216,4401268260864,1650878054400,0
3301756108800,6761996510822400,4401268260864,1650878054400,6603512217600,4401268260864,0
4401268260864,9013797398249472,3301756108800,2200634130432,8802536521728,3301756108800,0
6603512217600,13523993021644800,8802536521728,3301756108800,13207024435200,8802536521728,0
8802536521728,18027594796498944,6603512217600,4401268260864,17605073043456,6603512217600,0
13207024435200,27047986043289600,17605073043456,6603512217600,26414048870400,17605073043456,0
17605073043456,36055189592997888,13207024435200,8802536521728,35210146086912,13207024435200,0
26414048870400,54095972086579200,35210146086912,13207024435200,0,35210146086912,0
35210146086912,72110379185995776,26414048870400,17605073043456,0,26414048870400,0
281681168695296,576883033487966208,0,0,563362337390592,0,0
422624781926400,865535553385267200,563362337390592,0,845249563852800,563362337390592,206359756800
563362337390592,1153766066975932416,422624781926400,281681168695296,1126724674781184,422624781926400,0
845249563852800,1731071106770534400,1126724674781184,422624781926400,1690499127705600,1126724674781184,412719513600
1126724674781184,2307532133951864832,845249563852800,563362337390592,2253449349562368,845249563852800,0
1690499127705600,3462142213541068800,2253449349562368,845249563852800,3380998255411200,2253449349562368,825439027200
2253449349562368,4615064267903729664,1690499127705600,1126724674781184,4506898699124736,1690499127705600,0
3380998255411200,6924284427082137600,4506898699124736,1690499127705600,6761996510822400,4506898699124736,1650878054400
4506898699124736,9230128535807459328,3380998255411200,2253449349562368,9013797398249472,3380998255411200,0
6761996510822400,13848568854164275200,9013797398249472,3380998255411200,13523993021644800,9013797398249472,3301756108800
9013797398249472,18460257071614918656,6761996510822400,4506898699124736,18027594796498944,6761996510822400,0
13523993021644800,27697137708328550400,18027594796498944,6761996510822400,27047986043289600,18027594796498944,6603512217600
18027594796498944,36920514143229837312,13523993021644800,9013797398249472,36055189592997888,13523993021644800,0
27047986043289600,55394275416657100800,36055189592997888,13523993021644800,54095972086579200,36055189592997888,13207024435200
36055189592997888,73841028286459674624,27047986043289600,18027594796498944,72110379185995776,27047986043289600,0
54095972086579200,110788550833314201600,72110379185995776,27047986043289600,0,72110379185995776,26414048870400
72110379185995776,147682056572919349248,54095972086579200,36055189592997888,0,54095972086579200,0
576883033487966208,1181456452583354793984,0,0,1153766066975932416,0,281681168695296
865535553385267200,1772616813333027225600,1153766066975932416,0,1731071106770534400,1153766066975932416,422624781926400
1153766066975932416,2362912905166709587968,865535553385267200,576883033487966208,2307532133951864832,865535553385267200,563362337390592
1731071106770534400,3545233626666054451200,2307532133951864832,865535553385267200,3462142213541068800,2307532133951864832,845249563852800
2307532133951864832,4725825810333419175936,1731071106770534400,1153766066975932416,4615064267903729664,1731071106770534400,1126724674781184
3462142213541068800,7090467253332108902400,4615064267903729664,1731071106770534400,6924284427082137600,4615064267903729664,1690499127705600
4615064267903729664,9451651620666838351872,3462142213541068800,2307532133951864832,9230128535807459328,3462142213541068800,2253449349562368
6924284427082137600,14180934506664217804800,9230128535807459328,3462142213541068800,13848568854164275200,9230128535807459328,3380998255411200
9230128535807459328,18903303241333676703744,6924284427082137600,4615064267903729664,18460257071614918656,6924284427082137600,4506898699124736
13848568854164275200,28361869013328435609600,18460257071614918656,6924284427082137600,27697137708328550400,18460257071614918656,6761996510822400
18460257071614918656,37806606482667353407488,13848568854164275200,9230128535807459328,36920514143229837312,13848568854164275200,9013797398249472
27697137708328550400,56723738026656871219200,36920514143229837312,13848568854164275200,55394275416657100800,36920514143229837312,13523993021644800
36920514143229837312,75613212965334706814976,27697137708328550400,18460257071614918656,73841028286459674624,27697137708328550400,18027594796498944
55394275416657100800,113447476053313742438400,73841028286459674624,27697137708328550400,110788550833314201600,73841028286459674624,27047986043289600
73841028286459674624,151226425930669413629952,55394275416657100800,36920514143229837312,147682056572919349248,55394275416657100800,36055189592997888
110788550833314201600,226894952106627484876800,147682056572919349248,55394275416657100800,0,147682056572919349248,54095972086579200
147682056572919349248,302452851861338827259904,110788550833314201600,73841028286459674624,0,110788550833314201600,72110379185995776
1181456452583354793984,2419622814890710618079232,0,0,2362912905166709587968,0,576883033487966208
1772616813333027225600,3630319233706039758028800,2362912905166709587968,0,3545233626666054451200,2362912905166709587968,865535553385267200
2362912905166709587968,4839245629781421236158464,1772616813333027225600,1181456452583354793984,4725825810333419175936,1772616813333027225600,1153766066975932416
3545233626666054451200,7260638467412079516057600,4725825810333419175936,1772616813333027225600,7090467253332108902400,4725825810333419175936,1731071106770534400
4725825810333419175936,9678491259562842472316928,3545233626666054451200,2362912905166709587968,9451651620666838351872,3545233626666054451200,2307532133951864832
7090467253332108902400,14521276934824159032115200,9451651620666838351872,3545233626666054451200,14180934506664217804800,9451651620666838351872,3462142213541068800
9451651620666838351872,19356982519125684944633856,7090467253332108902400,4725825810333419175936,18903303241333676703744,7090467253332108902400,4615064267903729664
14180934506664217804800,29042553869648318064230400,18903303241333676703744,7090467253332108902400,28361869013328435609600,18903303241333676703744,6924284427082137600
18903303241333676703744,38713965038251369889267712,14180934506664217804800,9451651620666838351872,37806606482667353407488,14180934506664217804800,9230128535807459328
28361869013328435609600,58085107739296636128460800,37806606482667353407488,14180934506664217804800,56723738026656871219200,37806606482667353407488,13848568854164275200
37806606482667353407488,77427930076502739778535424,28361869013328435609600,18903303241333676703744,75613212965334706814976,28361869013328435609600,18460257071614918656
56723738026656871219200,116170215478593272256921600,75613212965334706814976,28361869013328435609600,113447476053313742438400,75613212965334706814976,27697137708328550400
75613212965334706814976,154855860153005479557070848,56723738026656871219200,37806606482667353407488,151226425930669413629952,56723738026656871219200,36920514143229837312
113447476053313742438400,232340430957186544513843200,151226425930669413629952,56723738026656871219200,226894952106627484876800,151226425930669413629952,55394275416657100800
151226425930669413629952,309711720306010959114141696,113447476053313742438400,75613212965334706814976,302452851861338827259904,113447476053313742438400,73841028286459674624
226894952106627484876800,464680861914373089027686400,302452851861338827259904,113447476053313742438400,0,302452851861338827259904,110788550833314201600
302452851861338827259904,619423440612021918228283392,226894952106627484876800,151226425930669413629952,0,226894952106627484876800,147682056572919349248
2419622814890710618079232,4955387524896175345826267136,0,0,4839245629781421236158464,0,1181456452583354793984
3630319233706039758028800,7434893790629969424442982400,4839245629781421236158464,0,7260638467412079516057600,4839245629781421236158464,1772616813333027225600
4839245629781421236158464,9910775049792350691652534272,3630319233706039758028800,2419622814890710618079232,9678491259562842472316928,3630319233706039758028800,2362912905166709587968
7260638467412079516057600,14869787581259938848885964800,9678491259562842472316928,3630319233706039758028800,14521276934824159032115200,9678491259562842472316928,3545233626666054451200
9678491259562842472316928,19821550099584701383305068544,7260638467412079516057600,4839245629781421236158464,19356982519125684944633856,7260638467412079516057600,4725825810333419175936
14521276934824159032115200,29739575162519877697771929600,19356982519125684944633856,7260638467412079516057600,29042553869648318064230400,19356982519125684944633856,7090467253332108902400
19356982519125684944633856,39643100199169402766610137088,14521276934824159032115200,9678491259562842472316928,38713965038251369889267712,14521276934824159032115200,9451651620666838351872
29042553869648318064230400,59479150325039755395543859200,38713965038251369889267712,14521276934824159032115200,58085107739296636128460800,38713965038251369889267712,14180934506664217804800
38713965038251369889267712,79286200398338805533220274176,29042553869648318064230400,19356982519125684944633856,77427930076502739778535424,29042553869648318064230400,18903303241333676703744
58085107739296636128460800,118958300650079510791087718400,77427930076502739778535424,29042553869648318064230400,116170215478593272256921600,77427930076502739778535424,28361869013328435609600
77427930076502739778535424,158572400796677611066440548352,58085107739296636128460800,38713965038251369889267712,154855860153005479557070848,58085107739296636128460800,37806606482667353407488
116170215478593272256921600,237916601300159021582175436800,154855860153005479557070848,58085107739296636128460800,232340430957186544513843200,154855860153005479557070848,56723738026656871219200
154855860153005479557070848,317144801593355222132881096704,116170215478593272256921600,77427930076502739778535424,309711720306010959114141696,116170215478593272256921600,75613212965334706814976
232340430957186544513843200,475833202600318043164350873600,309711720306010959114141696,116170215478593272256921600,464680861914373089027686400,309711720306010959114141696,113447476053313742438400
309711720306010959114141696,634289603186710444265762193408,232340430957186544513843200,154855860153005479557070848,619423440612021918228283392,232340430957186544513843200,151226425930669413629952
464680861914373089027686400,951666405200636086328701747200,619423440612021918228283392,232340430957186544513843200,0,619423440612021918228283392,226894952106627484876800
619423440612021918228283392,1268579206373420888531524386816,464680861914373089027686400,309711720306010959114141696,0,464680861914373089027686400,302452851861338827259904
4955387524896175345826267136,10148633650987367108252195094528,0,0,9910775049792350691652534272,0,2419622814890710618079232
7434893790629969424442982400,15226662483210177381259227955200,9910775049792350691652534272,0,14869787581259938848885964800,9910775049792350691652534272,3630319233706039758028800
9910775049792350691652534272,20297267301974734216504390189056,7434893790629969424442982400,4955387524896175345826267136,19821550099584701383305068544,7434893790629969424442982400,4839245629781421236158464
14869787581259938848885964800,30453324966420354762518455910400,19821550099584701383305068544,7434893790629969424442982400,29739575162519877697771929600,19821550099584701383305068544,7260638467412079516057600
19821550099584701383305068544,40594534603949468433008780378112,14869787581259938848885964800,9910775049792350691652534272,39643100199169402766610137088,14869787581259938848885964800,9678491259562842472316928
29739575162519877697771929600,60906649932840709525036911820800,39643100199169402766610137088,14869787581259938848885964800,59479150325039755395543859200,39643100199169402766610137088,14521276934824159032115200
39643100199169402766610137088,81189069207898936866017560756224,29739575162519877697771929600,19821550099584701383305068544,79286200398338805533220274176,29739575162519877697771929600,19356982519125684944633856
59479150325039755395543859200,121813299865681419050073823641600,79286200398338805533220274176,29739575162519877697771929600,118958300650079510791087718400,79286200398338805533220274176,29042553869648318064230400
79286200398338805533220274176,162378138415797873732035121512448,59479150325039755395543859200,39643100199169402766610137088,158572400796677611066440548352,59479150325039755395543859200,38713965038251369889267712
118958300650079510791087718400,243626599731362838100147647283200,158572400796677611066440548352,59479150325039755395543859200,237916601300159021582175436800,158572400796677611066440548352,58085107739296636128460800
158572400796677611066440548352,324756276831595747464070243024896,118958300650079510791087718400,79286200398338805533220274176,317144801593355222132881096704,118958300650079510791087718400,77427930076502739778535424
237916601300159021582175436800,487253199462725676200295294566400,317144801593355222132881096704,118958300650079510791087718400,475833202600318043164350873600,317144801593355222132881096704,116170215478593272256921600
317144801593355222132881096704,649512553663191494928140486049792,237916601300159021582175436800,158572400796677611066440548352,634289603186710444265762193408,237916601300159021582175436800,154855860153005479557070848
475833202600318043164350873600,974506398925451352400590589132800,634289603186710444265762193408,237916601300159021582175436800,951666405200636086328701747200,634289603186710444265762193408,232340430957186544513843200
634289603186710444265762193408,1299025107326382989856280972099584,475833202600318043164350873600,317144801593355222132881096704,1268579206373420888531524386816,475833202600318043164350873600,309711720306010959114141696
951666405200636086328701747200,1949012797850902704801181178265600,1268579206373420888531524386816,475833202600318043164350873600,0,1268579206373420888531524386816,464680861914373089027686400
1268579206373420888531524386816,2598050214652765979712561944199168,951666405200636086328701747200,634289603186710444265762193408,0,951666405200636086328701747200,619423440612021918228283392
10148633650987367108252195094528,20784401717222127837700495553593344,0,0,20297267301974734216504390189056,0,4955387524896175345826267136
15226662483210177381259227955200,31184204765614443276818898852249600,20297267301974734216504390189056,0,30453324966420354762518455910400,20297267301974734216504390189056,7434893790629969424442982400
20297267301974734216504390189056,41568803434444255675400991107186688,15226662483210177381259227955200,10148633650987367108252195094528,40594534603949468433008780378112,15226662483210177381259227955200,9910775049792350691652534272
30453324966420354762518455910400,62368409531228886553637797704499200,40594534603949468433008780378112,15226662483210177381259227955200,60906649932840709525036911820800,40594534603949468433008780378112,14869787581259938848885964800
40594534603949468433008780378112,83137606868888511350801982214373376,30453324966420354762518455910400,20297267301974734216504390189056,81189069207898936866017560756224,30453324966420354762518455910400,19821550099584701383305068544
60906649932840709525036911820800,124736819062457773107275595408998400,81189069207898936866017560756224,30453324966420354762518455910400,121813299865681419050073823641600,81189069207898936866017560756224,29739575162519877697771929600
81189069207898936866017560756224,166275213737777022701603964428746752,60906649932840709525036911820800,40594534603949468433008780378112,162378138415797873732035121512448,60906649932840709525036911820800,39643100199169402766610137088
121813299865681419050073823641600,249473638124915546214551190817996800,162378138415797873732035121512448,60906649932840709525036911820800,243626599731362838100147647283200,162378138415797873732035121512448,59479150325039755395543859200
162378138415797873732035121512448,332550427475554045403207928857493504,121813299865681419050073823641600,81189069207898936866017560756224,324756276831595747464070243024896,121813299865681419050073823641600,79286200398338805533220274176
243626599731362838100147647283200,498947276249831092429102381635993600,324756276831595747464070243024896,121813299865681419050073823641600,487253199462725676200295294566400,324756276831595747464070243024896,118958300650079510791087718400
324756276831595747464070243024896,665100854951108090806415857714987008,243626599731362838100147647283200,162378138415797873732035121512448,649512553663191494928140486049792,243626599731362838100147647283200,158572400796677611066440548352
487253199462725676200295294566400,997894552499662184858204763271987200,649512553663191494928140486049792,243626599731362838100147647283200,974506398925451352400590589132800,649512553663191494928140486049792,237916601300159021582175436800
649512553663191494928140486049792,1330201709902216181612831715429974016,487253199462725676200295294566400,324756276831595747464070243024896,1299025107326382989856280972099584,487253199462725676200295294566400,317144801593355222132881096704
974506398925451352400590589132800,1995789104999324369716409526543974400,1299025107326382989856280972099584,487253199462725676200295294566400,1949012797850902704801181178265600,1299025107326382989856280972099584,475833202600318043164350873600
1299025107326382989856280972099584,2660403419804432363225663430859948032,974506398925451352400590589132800,649512553663191494928140486049792,2598050214652765979712561944199168,974506398925451352400590589132800,634289603186710444265762193408
1949012797850902704801181178265600,3991578209998648739432819053087948800,2598050214652765979712561944199168,974506398925451352400590589132800,0,2598050214652765979712561944199168,951666405200636086328701747200
2598050214652765979712561944199168,5320806839608864726451326861719896064,1949012797850902704801181178265600,1299025107326382989856280972099584,0,1949012797850902704801181178265600,1268579206373420888531524386816
20784401717222127837700495553593344,42566454716870917811610614893759168512,0,0,41568803434444255675400991107186688,0,10148633650987367108252195094528
31184204765614443276818898852249600,63865251359978379830925104849407180800,41568803434444255675400991107186688,0,62368409531228886553637797704499200,41568803434444255675400991107186688,15226662483210177381259227955200
41568803434444255675400991107186688,85132909433741835623221229787518337024,31184204765614443276818898852249600,20784401717222127837700495553593344,83137606868888511350801982214373376,31184204765614443276818898852249600,20297267301974734216504390189056
62368409531228886553637797704499200,127730502719956759661850209698814361600,83137606868888511350801982214373376,31184204765614443276818898852249600,124736819062457773107275595408998400,83137606868888511350801982214373376,30453324966420354762518455910400
83137606868888511350801982214373376,170265818867483671246442459575036674048,62368409531228886553637797704499200,41568803434444255675400991107186688,166275213737777022701603964428746752,62368409531228886553637797704499200,40594534603949468433008780378112
124736819062457773107275595408998400,255461005439913519323700419397628723200,166275213737777022701603964428746752,62368409531228886553637797704499200,249473638124915546214551190817996800,166275213737777022701603964428746752,60906649932840709525036911820800
166275213737777022701603964428746752,340531637734967342492884919150073348096,124736819062457773107275595408998400,83137606868888511350801982214373376,332550427475554045403207928857493504,124736819062457773107275595408998400,81189069207898936866017560756224
249473638124915546214551190817996800,510922010879827038647400838795257446400,332550427475554045403207928857493504,124736819062457773107275595408998400,498947276249831092429102381635993600,332550427475554045403207928857493504,121813299865681419050073823641600
332550427475554045403207928857493504,681063275469934684985769838300146696192,249473638124915546214551190817996800,166275213737777022701603964428746752,665100854951108090806415857714987008,249473638124915546214551190817996800,162378138415797873732035121512448
498947276249831092429102381635993600,1021844021759654077294801677590514892800,665100854951108090806415857714987008,249473638124915546214551190817996800,997894552499662184858204763271987200,665100854951108090806415857714987008,243626599731362838100147647283200
665100854951108090806415857714987008,1362126550939869369971539676600293392384,498947276249831092429102381635993600,332550427475554045403207928857493504,1330201709902216181612831715429974016,498947276249831092429102381635993600,324756276831595747464070243024896
997894552499662184858204763271987200,2043688043519308154589603355181029785600,1330201709902216181612831715429974016,498947276249831092429102381635993600,1995789104999324369716409526543974400,1330201709902216181612831715429974016,487253199462725676200295294566400
1330201709902216181612831715429974016,2724253101879738739943079353200586784768,997894552499662184858204763271987200,665100854951108090806415857714987008,2660403419804432363225663430859948032,997894552499662184858204763271987200,649512553663191494928140486049792
1995789104999324369716409526543974400,4087376087038616309179206710362059571200,2660403419804432363225663430859948032,997894552499662184858204763271987200,3991578209998648739432819053087948800,2660403419804432363225663430859948032,974506398925451352400590589132800
2660403419804432363225663430859948032,5448506203759477479886158706401173569536,1995789104999324369716409526543974400,1330201709902216181612831715429974016,5320806839608864726451326861719896064,1995789104999324369716409526543974400,1299025107326382989856280972099584
3991578209998648739432819053087948800,8174752174077232618358413420724119142400,5320806839608864726451326861719896064,1995789104999324369716409526543974400,0,5320806839608864726451326861719896064,1949012797850902704801181178265600
5320806839608864726451326861719896064,10897012407518954959772317412802347139072,3991578209998648739432819053087948800,2660403419804432363225663430859948032,0,3991578209998648739432819053087948800,2598050214652765979712561944199168
42566454716870917811610614893759168512,87176099260151639678178539302418777112576,0,0,85132909433741835623221229787518337024,0,20784401717222127837700495553593344
63865251359978379830925104849407180800,130796034785235721893734614731585906278400,85132909433741835623221229787518337024,0,127730502719956759661850209698814361600,85132909433741835623221229787518337024,31184204765614443276818898852249600
85132909433741835623221229787518337024,174352198520303279356357078604837554225152,63865251359978379830925104849407180800,42566454716870917811610614893759168512,170265818867483671246442459575036674048,63865251359978379830925104849407180800,41568803434444255675400991107186688
127730502719956759661850209698814361600,261592069570471443787469229463171812556800,170265818867483671246442459575036674048,63865251359978379830925104849407180800,255461005439913519323700419397628723200,170265818867483671246442459575036674048,62368409531228886553637797704499200
170265818867483671246442459575036674048,348704397040606558712714157209675108450304,127730502719956759661850209698814361600,85132909433741835623221229787518337024,340531637734967342492884919150073348096,127730502719956759661850209698814361600,83137606868888511350801982214373376
255461005439913519323700419397628723200,523184139140942887574938458926343625113600,340531637734967342492884919150073348096,127730502719956759661850209698814361600,510922010879827038647400838795257446400,340531637734967342492884919150073348096,124736819062457773107275595408998400
340531637734967342492884919150073348096,697408794081213117425428314419350216900608,255461005439913519323700419397628723200,170265818867483671246442459575036674048,681063275469934684985769838300146696192,255461005439913519323700419397628723200,166275213737777022701603964428746752
510922010879827038647400838795257446400,1046368278281885775149876917852687250227200,681063275469934684985769838300146696192,255461005439913519323700419397628723200,1021844021759654077294801677590514892800,681063275469934684985769838300146696192,249473638124915546214551190817996800
681063275469934684985769838300146696192,1394817588162426234850856628838700433801216,510922010879827038647400838795257446400,340531637734967342492884919150073348096,1362126550939869369971539676600293392384,510922010879827038647400838795257446400,332550427475554045403207928857493504
1021844021759654077294801677590514892800,2092736556563771550299753835705374500454400,1362126550939869369971539676600293392384,510922010879827038647400838795257446400,2043688043519308154589603355181029785600,1362126550939869369971539676600293392384,498947276249831092429102381635993600
1362126550939869369971539676600293392384,2789635176324852469701713257677400867602432,1021844021759654077294801677590514892800,681063275469934684985769838300146696192,2724253101879738739943079353200586784768,1021844021759654077294801677590514892800,665100854951108090806415857714987008
2043688043519308154589603355181029785600,4185473113127543100599507671410749000908800,2724253101879738739943079353200586784768,1021844021759654077294801677590514892800,4087376087038616309179206710362059571200,2724253101879738739943079353200586784768,997894552499662184858204763271987200
2724253101879738739943079353200586784768,5579270352649704939403426515354801735204864,2043688043519308154589603355181029785600,1362126550939869369971539676600293392384,5448506203759477479886158706401173569536,2043688043519308154589603355181029785600,1330201709902216181612831715429974016
4087376087038616309179206710362059571200,8370946226255086201199015342821498001817600,5448506203759477479886158706401173569536,2043688043519308154589603355181029785600,8174752174077232618358413420724119142400,5448506203759477479886158706401173569536,1995789104999324369716409526543974400
5448506203759477479886158706401173569536,11158540705299409878806853030709603470409728,4087376087038616309179206710362059571200,2724253101879738739943079353200586784768,10897012407518954959772317412802347139072,4087376087038616309179206710362059571200,2660403419804432363225663430859948032
8174752174077232618358413420724119142400,16741892452510172402398030685642996003635200,10897012407518954959772317412802347139072,4087376087038616309179206710362059571200,0,10897012407518954959772317412802347139072,3991578209998648739432819053087948800
10897012407518954959772317412802347139072,22317081410598819757613706061419206940819456,8174752174077232618358413420724119142400,5448506203759477479886158706401173569536,0,8174752174077232618358413420724119142400,5320806839608864726451326861719896064
87176099260151639678178539302418777112576,178536651284790558060909648491353655526555648,0,0,174352198520303279356357078604837554225152,0,42566454716870917811610614893759168512
130796034785235721893734614731585906278400,267870279240162758438368490970287936058163200,174352198520303279356357078604837554225152,0,261592069570471443787469229463171812556800,174352198520303279356357078604837554225152,63865251359978379830925104849407180800
174352198520303279356357078604837554225152,357073302569581116121819296982707311053111296,130796034785235721893734614731585906278400,87176099260151639678178539302418777112576,348704397040606558712714157209675108450304,130796034785235721893734614731585906278400,85132909433741835623221229787518337024
261592069570471443787469229463171812556800,535740558480325516876736981940575872116326400,348704397040606558712714157209675108450304,130796034785235721893734614731585906278400,523184139140942887574938458926343625113600,348704397040606558712714157209675108450304,127730502719956759661850209698814361600
348704397040606558712714157209675108450304,714146605139162232243638593965414622106222592,261592069570471443787469229463171812556800,174352198520303279356357078604837554225152,697408794081213117425428314419350216900608,261592069570471443787469229463171812556800,170265818867483671246442459575036674048
523184139140942887574938458926343625113600,1071481116960651033753473963881151744232652800,697408794081213117425428314419350216900608,261592069570471443787469229463171812556800,1046368278281885775149876917852687250227200,697408794081213117425428314419350216900608,255461005439913519323700419397628723200
697408794081213117425428314419350216900608,1428293210278324464487277187930829244212445184,523184139140942887574938458926343625113600,348704397040606558712714157209675108450304,1394817588162426234850856628838700433801216,523184139140942887574938458926343625113600,340531637734967342492884919150073348096
1046368278281885775149876917852687250227200,2142962233921302067506947927762303488465305600,1394817588162426234850856628838700433801216,523184139140942887574938458926343625113600,2092736556563771550299753835705374500454400,1394817588162426234850856628838700433801216,510922010879827038647400838795257446400
1394817588162426234850856628838700433801216,2856586420556648928974554375861658488424890368,1046368278281885775149876917852687250227200,697408794081213117425428314419350216900608,2789635176324852469701713257677400867602432,1046368278281885775149876917852687250227200,681063275469934684985769838300146696192
2092736556563771550299753835705374500454400,4285924467842604135013895855524606976930611200,2789635176324852469701713257677400867602432,1046368278281885775149876917852687250227200,4185473113127543100599507671410749000908800,2789635176324852469701713257677400867602432,1021844021759654077294801677590514892800
2789635176324852469701713257677400867602432,5713172841113297857949108751723316976849780736,2092736556563771550299753835705374500454400,1394817588162426234850856628838700433801216,5579270352649704939403426515354801735204864,2092736556563771550299753835705374500454400,1362126550939869369971539676600293392384
4185473113127543100599507671410749000908800,8571848935685208270027791711049213953861222400,5579270352649704939403426515354801735204864,2092736556563771550299753835705374500454400,8370946226255086201199015342821498001817600,5579270352649704939403426515354801735204864,2043688043519308154589603355181029785600
5579270352649704939403426515354801735204864,11426345682226595715898217503446633953699561472,4185473113127543100599507671410749000908800,2789635176324852469701713257677400867602432,11158540705299409878806853030709603470409728,4185473113127543100599507671410749000908800,2724253101879738739943079353200586784768
8370946226255086201199015342821498001817600,17143697871370416540055583422098427907722444800,11158540705299409878806853030709603470409728,4185473113127543100599507671410749000908800,16741892452510172402398030685642996003635200,11158540705299409878806853030709603470409728,4087376087038616309179206710362059571200
11158540705299409878806853030709603470409728,22852691364453191431796435006893267907399122944,8370946226255086201199015342821498001817600,5579270352649704939403426515354801735204864,22317081410598819757613706061419206940819456,8370946226255086201199015342821498001817600,5448506203759477479886158706401173569536
16741892452510172402398030685642996003635200,34287395742740833080111166844196855815444889600,22317081410598819757613706061419206940819456,8370946226255086201199015342821498001817600,0,22317081410598819757613706061419206940819456,8174752174077232618358413420724119142400
22317081410598819757613706061419206940819456,45705382728906382863592870013786535814798245888,16741892452510172402398030685642996003635200,11158540705299409878806853030709603470409728,0,16741892452510172402398030685642996003635200,10897012407518954959772317412802347139072
178536651284790558060909648491353655526555648,365643061831251062908742960110292286518385967104,0,0,357073302569581116121819296982707311053111296,0,87176099260151639678178539302418777112576
267870279240162758438368490970287936058163200,548598331883853329281778669507149693047118233600,357073302569581116121819296982707311053111296,0,535740558480325516876736981940575872116326400,357073302569581116121819296982707311053111296,130796034785235721893734614731585906278400
357073302569581116121819296982707311053111296,731286123662502125817485920220584573036771934208,267870279240162758438368490970287936058163200,178536651284790558060909648491353655526555648,714146605139162232243638593965414622106222592,267870279240162758438368490970287936058163200,174352198520303279356357078604837554225152
535740558480325516876736981940575872116326400,1097196663767706658563557339014299386094236467200,714146605139162232243638593965414622106222592,267870279240162758438368490970287936058163200,1071481116960651033753473963881151744232652800,714146605139162232243638593965414622106222592,261592069570471443787469229463171812556800
714146605139162232243638593965414622106222592,1462572247325004251634971840441169146073543868416,535740558480325516876736981940575872116326400,357073302569581116121819296982707311053111296,1428293210278324464487277187930829244212445184,535740558480325516876736981940575872116326400,348704397040606558712714157209675108450304
1071481116960651033753473963881151744232652800,2194393327535413317127114678028598772188472934400,1428293210278324464487277187930829244212445184,535740558480325516876736981940575872116326400,2142962233921302067506947927762303488465305600,1428293210278324464487277187930829244212445184,523184139140942887574938458926343625113600
1428293210278324464487277187930829244212445184,2925144494650008503269943680882338292147087736832,1071481116960651033753473963881151744232652800,714146605139162232243638593965414622106222592,2856586420556648928974554375861658488424890368,1071481116960651033753473963881151744232652800,697408794081213117425428314419350216900608
2142962233921302067506947927762303488465305600,4388786655070826634254229356057197544376945868800,2856586420556648928974554375861658488424890368,1071481116960651033753473963881151744232652800,4285924467842604135013895855524606976930611200,2856586420556648928974554375861658488424890368,1046368278281885775149876917852687250227200
2856586420556648928974554375861658488424890368,5850288989300017006539887361764676584294175473664,2142962233921302067506947927762303488465305600,1428293210278324464487277187930829244212445184,5713172841113297857949108751723316976849780736,2142962233921302067506947927762303488465305600,1394817588162426234850856628838700433801216
4285924467842604135013895855524606976930611200,8777573310141653268508458712114395088753891737600,5713172841113297857949108751723316976849780736,2142962233921302067506947927762303488465305600,8571848935685208270027791711049213953861222400,5713172841113297857949108751723316976849780736,2092736556563771550299753835705374500454400
5713172841113297857949108751723316976849780736,11700577978600034013079774723529353168588350947328,4285924467842604135013895855524606976930611200,2856586420556648928974554375861658488424890368,11426345682226595715898217503446633953699561472,4285924467842604135013895855524606976930611200,2789635176324852469701713257677400867602432
8571848935685208270027791711049213953861222400,17555146620283306537016917424228790177507783475200,11426345682226595715898217503446633953699561472,4285924467842604135013895855524606976930611200,17143697871370416540055583422098427907722444800,11426345682226595715898217503446633953699561472,4185473113127543100599507671410749000908800
11426345682226595715898217503446633953699561472,23401155957200068026159549447058706337176701894656,8571848935685208270027791711049213953861222400,5713172841113297857949108751723316976849780736,22852691364453191431796435006893267907399122944,8571848935685208270027791711049213953861222400,5579270352649704939403426515354801735204864
17143697871370416540055583422098427907722444800,35110293240566613074033834848457580355015566950400,22852691364453191431796435006893267907399122944,8571848935685208270027791711049213953861222400,34287395742740833080111166844196855815444889600,22852691364453191431796435006893267907399122944,8370946226255086201199015342821498001817600
22852691364453191431796435006893267907399122944,46802311914400136052319098894117412674353403789312,17143697871370416540055583422098427907722444800,11426345682226595715898217503446633953699561472,45705382728906382863592870013786535814798245888,17143697871370416540055583422098427907722444800,11158540705299409878806853030709603470409728
34287395742740833080111166844196855815444889600,70220586481133226148067669696915160710031133900800,45705382728906382863592870013786535814798245888,17143697871370416540055583422098427907722444800,0,45705382728906382863592870013786535814798245888,16741892452510172402398030685642996003635200
45705382728906382863592870013786535814798245888,93604623828800272104638197788234825348706807578624,34287395742740833080111166844196855815444889600,22852691364453191431796435006893267907399122944,0,34287395742740833080111166844196855815444889600,22317081410598819757613706061419206940819456
365643061831251062908742960110292286518385967104,748836990630402176837105582305878602789654460628992,0,0,731286123662502125817485920220584573036771934208,0,178536651284790558060909648491353655526555648
548598331883853329281778669507149693047118233600,1123529383698131618369082715150642571360498142412800,731286123662502125817485920220584573036771934208,0,1097196663767706658563557339014299386094236467200,731286123662502125817485920220584573036771934208,267870279240162758438368490970287936058163200
731286123662502125817485920220584573036771934208,1497673981260804353674211164611757205579308921257984,548598331883853329281778669507149693047118233600,365643061831251062908742960110292286518385967104,1462572247325004251634971840441169146073543868416,548598331883853329281778669507149693047118233600,357073302569581116121819296982707311053111296
1097196663767706658563557339014299386094236467200,2247058767396263236738165430301285142720996284825600,1462572247325004251634971840441169146073543868416,548598331883853329281778669507149693047118233600,2194393327535413317127114678028598772188472934400,1462572247325004251634971840441169146073543868416,535740558480325516876736981940575872116326400
1462572247325004251634971840441169146073543868416,2995347962521608707348422329223514411158617842515968,1097196663767706658563557339014299386094236467200,731286123662502125817485920220584573036771934208,2925144494650008503269943680882338292147087736832,1097196663767706658563557339014299386094236467200,714146605139162232243638593965414622106222592
2194393327535413317127114678028598772188472934400,4494117534792526473476330860602570285441992569651200,2925144494650008503269943680882338292147087736832,1097196663767706658563557339014299386094236467200,4388786655070826634254229356057197544376945868800,2925144494650008503269943680882338292147087736832,1071481116960651033753473963881151744232652800
2925144494650008503269943680882338292147087736832,5990695925043217414696844658447028822317235685031936,2194393327535413317127114678028598772188472934400,1462572247325004251634971840441169146073543868416,5850288989300017006539887361764676584294175473664,2194393327535413317127114678028598772188472934400,1428293210278324464487277187930829244212445184
4388786655070826634254229356057197544376945868800,8988235069585052946952661721205140570883985139302400,5850288989300017006539887361764676584294175473664,2194393327535413317127114678028598772188472934400,8777573310141653268508458712114395088753891737600,5850288989300017006539887361764676584294175473664,2142962233921302067506947927762303488465305600
5850288989300017006539887361764676584294175473664,11981391850086434829393689316894057644634471370063872,4388786655070826634254229356057197544376945868800,2925144494650008503269943680882338292147087736832,11700577978600034013079774723529353168588350947328,4388786655070826634254229356057197544376945868800,2856586420556648928974554375861658488424890368
8777573310141653268508458712114395088753891737600,17976470139170105893905323442410281141767970278604800,11700577978600034013079774723529353168588350947328,4388786655070826634254229356057197544376945868800,17555146620283306537016917424228790177507783475200,11700577978600034013079774723529353168588350947328,4285924467842604135013895855524606976930611200
11700577978600034013079774723529353168588350947328,23962783700172869658787378633788115289268942740127744,8777573310141653268508458712114395088753891737600,5850288989300017006539887361764676584294175473664,23401155957200068026159549447058706337176701894656,8777573310141653268508458712114395088753891737600,5713172841113297857949108751723316976849780736
17555146620283306537016917424228790177507783475200,35952940278340211787810646884820562283535940557209600,23401155957200068026159549447058706337176701894656,8777573310141653268508458712114395088753891737600,35110293240566613074033834848457580355015566950400,23401155957200068026159549447058706337176701894656,8571848935685208270027791711049213953861222400
23401155957200068026159549447058706337176701894656,47925567400345739317574757267576230578537885480255488,17555146620283306537016917424228790177507783475200,11700577978600034013079774723529353168588350947328,46802311914400136052319098894117412674353403789312,17555146620283306537016917424228790177507783475200,11426345682226595715898217503446633953699561472
35110293240566613074033834848457580355015566950400,71905880556680423575621293769641124567071881114419200,46802311914400136052319098894117412674353403789312,17555146620283306537016917424228790177507783475200,70220586481133226148067669696915160710031133900800,46802311914400136052319098894117412674353403789312,17143697871370416540055583422098427907722444800
46802311914400136052319098894117412674353403789312,95851134800691478635149514535152461157075770960510976,35110293240566613074033834848457580355015566950400,23401155957200068026159549447058706337176701894656,93604623828800272104638197788234825348706807578624,35110293240566613074033834848457580355015566950400,22852691364453191431796435006893267907399122944
70220586481133226148067669696915160710031133900800,143811761113360847151242587539282249134143762228838400,93604623828800272104638197788234825348706807578624,35110293240566613074033834848457580355015566950400,0,93604623828800272104638197788234825348706807578624,34287395742740833080111166844196855815444889600
93604623828800272104638197788234825348706807578624,191702269601382957270299029070304922314151541921021952,70220586481133226148067669696915160710031133900800,46802311914400136052319098894117412674353403789312,0,70220586481133226148067669696915160710031133900800,45705382728906382863592870013786535814798245888
748836990630402176837105582305878602789654460628992,1533618156811063658162392232562439378513212335368175616,0,0,1497673981260804353674211164611757205579308921257984,0,365643061831251062908742960110292286518385967104
1123529383698131618369082715150642571360498142412800,2300988177813773554419881400628515986146300195661414400,1497673981260804353674211164611757205579308921257984,0,2247058767396263236738165430301285142720996284825600,1497673981260804353674211164611757205579308921257984,548598331883853329281778669507149693047118233600
1497673981260804353674211164611757205579308921257984,3067236313622127316324784465124878757026424670736351232,1123529383698131618369082715150642571360498142412800,748836990630402176837105582305878602789654460628992,2995347962521608707348422329223514411158617842515968,1123529383698131618369082715150642571360498142412800,731286123662502125817485920220584573036771934208
2247058767396263236738165430301285142720996284825600,4601976355627547108839762801257031972292600391322828800,2995347962521608707348422329223514411158617842515968,1123529383698131618369082715150642571360498142412800,4494117534792526473476330860602570285441992569651200,2995347962521608707348422329223514411158617842515968,1097196663767706658563557339014299386094236467200
2995347962521608707348422329223514411158617842515968,6134472627244254632649568930249757514052849341472702464,2247058767396263236738165430301285142720996284825600,1497673981260804353674211164611757205579308921257984,5990695925043217414696844658447028822317235685031936,2247058767396263236738165430301285142720996284825600,1462572247325004251634971840441169146073543868416
4494117534792526473476330860602570285441992569651200,9203952711255094217679525602514063944585200782645657600,5990695925043217414696844658447028822317235685031936,2247058767396263236738165430301285142720996284825600,8988235069585052946952661721205140570883985139302400,5990695925043217414696844658447028822317235685031936,2194393327535413317127114678028598772188472934400
5990695925043217414696844658447028822317235685031936,12268945254488509265299137860499515028105698682945404928,4494117534792526473476330860602570285441992569651200,2995347962521608707348422329223514411158617842515968,11981391850086434829393689316894057644634471370063872,4494117534792526473476330860602570285441992569651200,2925144494650008503269943680882338292147087736832
8988235069585052946952661721205140570883985139302400,18407905422510188435359051205028127889170401565291315200,11981391850086434829393689316894057644634471370063872,4494117534792526473476330860602570285441992569651200,17976470139170105893905323442410281141767970278604800,11981391850086434829393689316894057644634471370063872,4388786655070826634254229356057197544376945868800
11981391850086434829393689316894057644634471370063872,24537890508977018530598275720999030056211397365890809856,8988235069585052946952661721205140570883985139302400,5990695925043217414696844658447028822317235685031936,23962783700172869658787378633788115289268942740127744,8988235069585052946952661721205140570883985139302400,5850288989300017006539887361764676584294175473664
17976470139170105893905323442410281141767970278604800,36815810845020376870718102410056255778340803130582630400,23962783700172869658787378633788115289268942740127744,8988235069585052946952661721205140570883985139302400,35952940278340211787810646884820562283535940557209600,23962783700172869658787378633788115289268942740127744,8777573310141653268508458712114395088753891737600
23962783700172869658787378633788115289268942740127744,49075781017954037061196551441998060112422794731781619712,17976470139170105893905323442410281141767970278604800,11981391850086434829393689316894057644634471370063872,47925567400345739317574757267576230578537885480255488,17976470139170105893905323442410281141767970278604800,11700577978600034013079774723529353168588350947328
35952940278340211787810646884820562283535940557209600,73631621690040753741436204820112511556681606261165260800,47925567400345739317574757267576230578537885480255488,17976470139170105893905323442410281141767970278604800,71905880556680423575621293769641124567071881114419200,47925567400345739317574757267576230578537885480255488,17555146620283306537016917424228790177507783475200
47925567400345739317574757267576230578537885480255488,98151562035908074122393102883996120224845589463563239424,35952940278340211787810646884820562283535940557209600,23962783700172869658787378633788115289268942740127744,95851134800691478635149514535152461157075770960510976,35952940278340211787810646884820562283535940557209600,23401155957200068026159549447058706337176701894656
71905880556680423575621293769641124567071881114419200,147263243380081507482872409640225023113363212522330521600,95851134800691478635149514535152461157075770960510976,35952940278340211787810646884820562283535940557209600,143811761113360847151242587539282249134143762228838400,95851134800691478635149514535152461157075770960510976,35110293240566613074033834848457580355015566950400
95851134800691478635149514535152461157075770960510976,196303124071816148244786205767992240449691178927126478848,71905880556680423575621293769641124567071881114419200,47925567400345739317574757267576230578537885480255488,191702269601382957270299029070304922314151541921021952,71905880556680423575621293769641124567071881114419200,46802311914400136052319098894117412674353403789312
143811761113360847151242587539282249134143762228838400,294526486760163014965744819280450046226726425044661043200,191702269601382957270299029070304922314151541921021952,71905880556680423575621293769641124567071881114419200,0,191702269601382957270299029070304922314151541921021952,70220586481133226148067669696915160710031133900800
191702269601382957270299029070304922314151541921021952,392606248143632296489572411535984480899382357854252957696,143811761113360847151242587539282249134143762228838400,95851134800691478635149514535152461157075770960510976,0,143811761113360847151242587539282249134143762228838400,93604623828800272104638197788234825348706807578624
1533618156811063658162392232562439378513212335368175616,3140849985149058371916579292287875847195058862834023661568,0,0,3067236313622127316324784465124878757026424670736351232,0,748836990630402176837105582305878602789654460628992
2300988177813773554419881400628515986146300195661414400,4712423788162608239451917108487200739627622800714576691200,3067236313622127316324784465124878757026424670736351232,0,4601976355627547108839762801257031972292600391322828800,3067236313622127316324784465124878757026424670736351232,1123529383698131618369082715150642571360498142412800
3067236313622127316324784465124878757026424670736351232,6281699970298116743833158584575751694390117725668047323136,2300988177813773554419881400628515986146300195661414400,1533618156811063658162392232562439378513212335368175616,6134472627244254632649568930249757514052849341472702464,2300988177813773554419881400628515986146300195661414400,1497673981260804353674211164611757205579308921257984
4601976355627547108839762801257031972292600391322828800,9424847576325216478903834216974401479255245601429153382400,6134472627244254632649568930249757514052849341472702464,2300988177813773554419881400628515986146300195661414400,9203952711255094217679525602514063944585200782645657600,6134472627244254632649568930249757514052849341472702464,2247058767396263236738165430301285142720996284825600
6134472627244254632649568930249757514052849341472702464,12563399940596233487666317169151503388780235451336094646272,4601976355627547108839762801257031972292600391322828800,3067236313622127316324784465124878757026424670736351232,12268945254488509265299137860499515028105698682945404928,4601976355627547108839762801257031972292600391322828800,2995347962521608707348422329223514411158617842515968
9203952711255094217679525602514063944585200782645657600,18849695152650432957807668433948802958510491202858306764800,12268945254488509265299137860499515028105698682945404928,4601976355627547108839762801257031972292600391322828800,18407905422510188435359051205028127889170401565291315200,12268945254488509265299137860499515028105698682945404928,4494117534792526473476330860602570285441992569651200
12268945254488509265299137860499515028105698682945404928,25126799881192466975332634338303006777560470902672189292544,9203952711255094217679525602514063944585200782645657600,6134472627244254632649568930249757514052849341472702464,24537890508977018530598275720999030056211397365890809856,9203952711255094217679525602514063944585200782645657600,5990695925043217414696844658447028822317235685031936
18407905422510188435359051205028127889170401565291315200,37699390305300865915615336867897605917020982405716613529600,24537890508977018530598275720999030056211397365890809856,9203952711255094217679525602514063944585200782645657600,36815810845020376870718102410056255778340803130582630400,24537890508977018530598275720999030056211397365890809856,8988235069585052946952661721205140570883985139302400
24537890508977018530598275720999030056211397365890809856,50253599762384933950665268676606013555120941805344378585088,18407905422510188435359051205028127889170401565291315200,12268945254488509265299137860499515028105698682945404928,49075781017954037061196551441998060112422794731781619712,18407905422510188435359051205028127889170401565291315200,11981391850086434829393689316894057644634471370063872
36815810845020376870718102410056255778340803130582630400,75398780610601731831230673735795211834041964811433227059200,49075781017954037061196551441998060112422794731781619712,18407905422510188435359051205028127889170401565291315200,73631621690040753741436204820112511556681606261165260800,49075781017954037061196551441998060112422794731781619712,17976470139170105893905323442410281141767970278604800
49075781017954037061196551441998060112422794731781619712,100507199524769867901330537353212027110241883610688757170176,36815810845020376870718102410056255778340803130582630400,24537890508977018530598275720999030056211397365890809856,98151562035908074122393102883996120224845589463563239424,36815810845020376870718102410056255778340803130582630400,23962783700172869658787378633788115289268942740127744
73631621690040753741436204820112511556681606261165260800,150797561221203463662461347471590423668083929622866454118400,98151562035908074122393102883996120224845589463563239424,36815810845020376870718102410056255778340803130582630400,147263243380081507482872409640225023113363212522330521600,98151562035908074122393102883996120224845589463563239424,35952940278340211787810646884820562283535940557209600
98151562035908074122393102883996120224845589463563239424,201014399049539735802661074706424054220483767221377514340352,73631621690040753741436204820112511556681606261165260800,49075781017954037061196551441998060112422794731781619712,196303124071816148244786205767992240449691178927126478848,73631621690040753741436204820112511556681606261165260800,47925567400345739317574757267576230578537885480255488
147263243380081507482872409640225023113363212522330521600,301595122442406927324922694943180847336167859245732908236800,196303124071816148244786205767992240449691178927126478848,73631621690040753741436204820112511556681606261165260800,294526486760163014965744819280450046226726425044661043200,196303124071816148244786205767992240449691178927126478848,71905880556680423575621293769641124567071881114419200
196303124071816148244786205767992240449691178927126478848,402028798099079471605322149412848108440967534442755028680704,147263243380081507482872409640225023113363212522330521600,98151562035908074122393102883996120224845589463563239424,392606248143632296489572411535984480899382357854252957696,147263243380081507482872409640225023113363212522330521600,95851134800691478635149514535152461157075770960510976
294526486760163014965744819280450046226726425044661043200,603190244884813854649845389886361694672335718491465816473600,392606248143632296489572411535984480899382357854252957696,147263243380081507482872409640225023113363212522330521600,0,392606248143632296489572411535984480899382357854252957696,143811761113360847151242587539282249134143762228838400
392606248143632296489572411535984480899382357854252957696,804057596198158943210644298825696216881935068885510057361408,294526486760163014965744819280450046226726425044661043200,196303124071816148244786205767992240449691178927126478848,0,294526486760163014965744819280450046226726425044661043200,191702269601382957270299029070304922314151541921021952
3140849985149058371916579292287875847195058862834023661568,6432460769585271545685154390605569735055480551084080458891264,0,0,6281699970298116743833158584575751694390117725668047323136,0,1533618156811063658162392232562439378513212335368175616
4712423788162608239451917108487200739627622800714576691200,9651043918157021674397526238181787114757371495863453063577600,6281699970298116743833158584575751694390117725668047323136,0,9424847576325216478903834216974401479255245601429153382400,6281699970298116743833158584575751694390117725668047323136,2300988177813773554419881400628515986146300195661414400
6281699970298116743833158584575751694390117725668047323136,12864921539170543091370308781211139470110961102168160917782528,4712423788162608239451917108487200739627622800714576691200,3140849985149058371916579292287875847195058862834023661568,12563399940596233487666317169151503388780235451336094646272,4712423788162608239451917108487200739627622800714576691200,3067236313622127316324784465124878757026424670736351232
9424847576325216478903834216974401479255245601429153382400,19302087836314043348795052476363574229514742991726906127155200,12563399940596233487666317169151503388780235451336094646272,4712423788162608239451917108487200739627622800714576691200,18849695152650432957807668433948802958510491202858306764800,12563399940596233487666317169151503388780235451336094646272,4601976355627547108839762801257031972292600391322828800
12563399940596233487666317169151503388780235451336094646272,25729843078341086182740617562422278940221922204336321835565056,9424847576325216478903834216974401479255245601429153382400,6281699970298116743833158584575751694390117725668047323136,25126799881192466975332634338303006777560470902672189292544,9424847576325216478903834216974401479255245601429153382400,6134472627244254632649568930249757514052849341472702464
18849695152650432957807668433948802958510491202858306764800,38604175672628086697590104952727148459029485983453812254310400,25126799881192466975332634338303006777560470902672189292544,9424847576325216478903834216974401479255245601429153382400,37699390305300865915615336867897605917020982405716613529600,25126799881192466975332634338303006777560470902672189292544,9203952711255094217679525602514063944585200782645657600
25126799881192466975332634338303006777560470902672189292544,51459686156682172365481235124844557880443844408672643671130112,18849695152650432957807668433948802958510491202858306764800,12563399940596233487666317169151503388780235451336094646272,50253599762384933950665268676606013555120941805344378585088,18849695152650432957807668433948802958510491202858306764800,12268945254488509265299137860499515028105698682945404928
37699390305300865915615336867897605917020982405716613529600,77208351345256173395180209905454296918058971966907624508620800,50253599762384933950665268676606013555120941805344378585088,18849695152650432957807668433948802958510491202858306764800,75398780610601731831230673735795211834041964811433227059200,50253599762384933950665268676606013555120941805344378585088,18407905422510188435359051205028127889170401565291315200
50253599762384933950665268676606013555120941805344378585088,102919372313364344730962470249689115760887688817345287342260224,37699390305300865915615336867897605917020982405716613529600,25126799881192466975332634338303006777560470902672189292544,100507199524769867901330537353212027110241883610688757170176,37699390305300865915615336867897605917020982405716613529600,24537890508977018530598275720999030056211397365890809856
75398780610601731831230673735795211834041964811433227059200,154416702690512346790360419810908593836117943933815249017241600,100507199524769867901330537353212027110241883610688757170176,37699390305300865915615336867897605917020982405716613529600,150797561221203463662461347471590423668083929622866454118400,100507199524769867901330537353212027110241883610688757170176,36815810845020376870718102410056255778340803130582630400
100507199524769867901330537353212027110241883610688757170176,205838744626728689461924940499378231521775377634690574684520448,75398780610601731831230673735795211834041964811433227059200,50253599762384933950665268676606013555120941805344378585088,201014399049539735802661074706424054220483767221377514340352,75398780610601731831230673735795211834041964811433227059200,49075781017954037061196551441998060112422794731781619712
150797561221203463662461347471590423668083929622866454118400,308833405381024693580720839621817187672235887867630498034483200,201014399049539735802661074706424054220483767221377514340352,75398780610601731831230673735795211834041964811433227059200,301595122442406927324922694943180847336167859245732908236800,201014399049539735802661074706424054220483767221377514340352,73631621690040753741436204820112511556681606261165260800
201014399049539735802661074706424054220483767221377514340352,411677489253457378923849880998756463043550755269381149369040896,150797561221203463662461347471590423668083929622866454118400,100507199524769867901330537353212027110241883610688757170176,402028798099079471605322149412848108440967534442755028680704,150797561221203463662461347471590423668083929622866454118400,98151562035908074122393102883996120224845589463563239424
301595122442406927324922694943180847336167859245732908236800,617666810762049387161441679243634375344471775735260996068966400,402028798099079471605322149412848108440967534442755028680704,150797561221203463662461347471590423668083929622866454118400,603190244884813854649845389886361694672335718491465816473600,402028798099079471605322149412848108440967534442755028680704,147263243380081507482872409640225023113363212522330521600
402028798099079471605322149412848108440967534442755028680704,823354978506914757847699761997512926087101510538762298738081792,301595122442406927324922694943180847336167859245732908236800,201014399049539735802661074706424054220483767221377514340352,804057596198158943210644298825696216881935068885510057361408,301595122442406927324922694943180847336167859245732908236800,196303124071816148244786205767992240449691178927126478848
603190244884813854649845389886361694672335718491465816473600,1235333621524098774322883358487268750688943551470521992137932800,804057596198158943210644298825696216881935068885510057361408,301595122442406927324922694943180847336167859245732908236800,0,804057596198158943210644298825696216881935068885510057361408,294526486760163014965744819280450046226726425044661043200
804057596198158943210644298825696216881935068885510057361408,1646709957013829515695399523995025852174203021077524597476163584,603190244884813854649845389886361694672335718491465816473600,402028798099079471605322149412848108440967534442755028680704,0,603190244884813854649845389886361694672335718491465816473600,392606248143632296489572411535984480899382357854252957696
6432460769585271545685154390605569735055480551084080458891264,13173679656110636125563196191960206817393624168620196779809308672,0,0,12864921539170543091370308781211139470110961102168160917782528,0,3140849985149058371916579292287875847195058862834023661568
9651043918157021674397526238181787114757371495863453063577600,19765337944385580389166133735796300011023096823528351874206924800,12864921539170543091370308781211139470110961102168160917782528,0,19302087836314043348795052476363574229514742991726906127155200,12864921539170543091370308781211139470110961102168160917782528,4712423788162608239451917108487200739627622800714576691200
12864921539170543091370308781211139470110961102168160917782528,26347359312221272251126392383920413634787248337240393559618617344,9651043918157021674397526238181787114757371495863453063577600,6432460769585271545685154390605569735055480551084080458891264,25729843078341086182740617562422278940221922204336321835565056,9651043918157021674397526238181787114757371495863453063577600,6281699970298116743833158584575751694390117725668047323136
19302087836314043348795052476363574229514742991726906127155200,39530675888771160778332267471592600022046193647056703748413849600,25729843078341086182740617562422278940221922204336321835565056,9651043918157021674397526238181787114757371495863453063577600,38604175672628086697590104952727148459029485983453812254310400,25729843078341086182740617562422278940221922204336321835565056,9424847576325216478903834216974401479255245601429153382400
25729843078341086182740617562422278940221922204336321835565056,52694718624442544502252784767840827269574496674480787119237234688,19302087836314043348795052476363574229514742991726906127155200,12864921539170543091370308781211139470110961102168160917782528,51459686156682172365481235124844557880443844408672643671130112,19302087836314043348795052476363574229514742991726906127155200,12563399940596233487666317169151503388780235451336094646272
38604175672628086697590104952727148459029485983453812254310400,79061351777542321556664534943185200044092387294113407496827699200,51459686156682172365481235124844557880443844408672643671130112,19302087836314043348795052476363574229514742991726906127155200,77208351345256173395180209905454296918058971966907624508620800,51459686156682172365481235124844557880443844408672643671130112,18849695152650432957807668433948802958510491202858306764800
51459686156682172365481235124844557880443844408672643671130112,105389437248885089004505569535681654539148993348961574238474469376,38604175672628086697590104952727148459029485983453812254310400,25729843078341086182740617562422278940221922204336321835565056,102919372313364344730962470249689115760887688817345287342260224,38604175672628086697590104952727148459029485983453812254310400,25126799881192466975332634338303006777560470902672189292544
77208351345256173395180209905454296918058971966907624508620800,158122703555084643113329069886370400088184774588226814993655398400,102919372313364344730962470249689115760887688817345287342260224,38604175672628086697590104952727148459029485983453812254310400,154416702690512346790360419810908593836117943933815249017241600,102919372313364344730962470249689115760887688817345287342260224,37699390305300865915615336867897605917020982405716613529600
102919372313364344730962470249689115760887688817345287342260224,210778874497770178009011139071363309078297986697923148476948938752,77208351345256173395180209905454296918058971966907624508620800,51459686156682172365481235124844557880443844408672643671130112,205838744626728689461924940499378231521775377634690574684520448,77208351345256173395180209905454296918058971966907624508620800,50253599762384933950665268676606013555120941805344378585088
154416702690512346790360419810908593836117943933815249017241600,316245407110169286226658139772740800176369549176453629987310796800,205838744626728689461924940499378231521775377634690574684520448,77208351345256173395180209905454296918058971966907624508620800,308833405381024693580720839621817187672235887867630498034483200,205838744626728689461924940499378231521775377634690574684520448,75398780610601731831230673735795211834041964811433227059200
205838744626728689461924940499378231521775377634690574684520448,421557748995540356018022278142726618156595973395846296953897877504,154416702690512346790360419810908593836117943933815249017241600,102919372313364344730962470249689115760887688817345287342260224,411677489253457378923849880998756463043550755269381149369040896,154416702690512346790360419810908593836117943933815249017241600,100507199524769867901330537353212027110241883610688757170176
308833405381024693580720839621817187672235887867630498034483200,632490814220338572453316279545481600352739098352907259974621593600,411677489253457378923849880998756463043550755269381149369040896,154416702690512346790360419810908593836117943933815249017241600,617666810762049387161441679243634375344471775735260996068966400,411677489253457378923849880998756463043550755269381149369040896,150797561221203463662461347471590423668083929622866454118400
411677489253457378923849880998756463043550755269381149369040896,843115497991080712036044556285453236313191946791692593907795755008,308833405381024693580720839621817187672235887867630498034483200,205838744626728689461924940499378231521775377634690574684520448,823354978506914757847699761997512926087101510538762298738081792,308833405381024693580720839621817187672235887867630498034483200,201014399049539735802661074706424054220483767221377514340352
617666810762049387161441679243634375344471775735260996068966400,1264981628440677144906632559090963200705478196705814519949243187200,823354978506914757847699761997512926087101510538762298738081792,308833405381024693580720839621817187672235887867630498034483200,1235333621524098774322883358487268750688943551470521992137932800,823354978506914757847699761997512926087101510538762298738081792,301595122442406927324922694943180847336167859245732908236800
823354978506914757847699761997512926087101510538762298738081792,1686230995982161424072089112570906472626383893583385187815591510016,617666810762049387161441679243634375344471775735260996068966400,411677489253457378923849880998756463043550755269381149369040896,1646709957013829515695399523995025852174203021077524597476163584,617666810762049387161441679243634375344471775735260996068966400,402028798099079471605322149412848108440967534442755028680704
1235333621524098774322883358487268750688943551470521992137932800,2529963256881354289813265118181926401410956393411629039898486374400,1646709957013829515695399523995025852174203021077524597476163584,617666810762049387161441679243634375344471775735260996068966400,0,1646709957013829515695399523995025852174203021077524597476163584,603190244884813854649845389886361694672335718491465816473600
1646709957013829515695399523995025852174203021077524597476163584,3372461991964322848144178225141812945252767787166770375631183020032,1235333621524098774322883358487268750688943551470521992137932800,823354978506914757847699761997512926087101510538762298738081792,0,1235333621524098774322883358487268750688943551470521992137932800,804057596198158943210644298825696216881935068885510057361408
13173679656110636125563196191960206817393624168620196779809308672,26979695935714582785153425801134503562022142297334163005049464160256,0,0,26347359312221272251126392383920413634787248337240393559618617344,0,6432460769585271545685154390605569735055480551084080458891264
19765337944385580389166133735796300011023096823528351874206924800,40479412110101668637012241890910822422575302294586064638375781990400,26347359312221272251126392383920413634787248337240393559618617344,0,39530675888771160778332267471592600022046193647056703748413849600,26347359312221272251126392383920413634787248337240393559618617344,9651043918157021674397526238181787114757371495863453063577600
26347359312221272251126392383920413634787248337240393559618617344,53959391871429165570306851602269007124044284594668326010098928320512,19765337944385580389166133735796300011023096823528351874206924800,13173679656110636125563196191960206817393624168620196779809308672,52694718624442544502252784767840827269574496674480787119237234688,19765337944385580389166133735796300011023096823528351874206924800,12864921539170543091370308781211139470110961102168160917782528
39530675888771160778332267471592600022046193647056703748413849600,80958824220203337274024483781821644845150604589172129276751563980800,52694718624442544502252784767840827269574496674480787119237234688,19765337944385580389166133735796300011023096823528351874206924800,79061351777542321556664534943185200044092387294113407496827699200,52694718624442544502252784767840827269574496674480787119237234688,19302087836314043348795052476363574229514742991726906127155200
52694718624442544502252784767840827269574496674480787119237234688,107918783742858331140613703204538014248088569189336652020197856641024,39530675888771160778332267471592600022046193647056703748413849600,26347359312221272251126392383920413634787248337240393559618617344,105389437248885089004505569535681654539148993348961574238474469376,39530675888771160778332267471592600022046193647056703748413849600,25729843078341086182740617562422278940221922204336321835565056
79061351777542321556664534943185200044092387294113407496827699200,161917648440406674548048967563643289690301209178344258553503127961600,105389437248885089004505569535681654539148993348961574238474469376,39530675888771160778332267471592600022046193647056703748413849600,158122703555084643113329069886370400088184774588226814993655398400,105389437248885089004505569535681654539148993348961574238474469376,38604175672628086697590104952727148459029485983453812254310400
105389437248885089004505569535681654539148993348961574238474469376,215837567485716662281227406409076028496177138378673304040395713282048,79061351777542321556664534943185200044092387294113407496827699200,52694718624442544502252784767840827269574496674480787119237234688,210778874497770178009011139071363309078297986697923148476948938752,79061351777542321556664534943185200044092387294113407496827699200,51459686156682172365481235124844557880443844408672643671130112
158122703555084643113329069886370400088184774588226814993655398400,323835296880813349096097935127286579380602418356688517107006255923200,210778874497770178009011139071363309078297986697923148476948938752,79061351777542321556664534943185200044092387294113407496827699200,316245407110169286226658139772740800176369549176453629987310796800,210778874497770178009011139071363309078297986697923148476948938752,77208351345256173395180209905454296918058971966907624508620800
210778874497770178009011139071363309078297986697923148476948938752,431675134971433324562454812818152056992354276757346608080791426564096,158122703555084643113329069886370400088184774588226814993655398400,105389437248885089004505569535681654539148993348961574238474469376,421557748995540356018022278142726618156595973395846296953897877504,158122703555084643113329069886370400088184774588226814993655398400,102919372313364344730962470249689115760887688817345287342260224
316245407110169286226658139772740800176369549176453629987310796800,647670593761626698192195870254573158761204836713377034214012511846400,421557748995540356018022278142726618156595973395846296953897877504,158122703555084643113329069886370400088184774588226814993655398400,632490814220338572453316279545481600352739098352907259974621593600,421557748995540356018022278142726618156595973395846296953897877504,154416702690512346790360419810908593836117943933815249017241600
421557748995540356018022278142726618156595973395846296953897877504,863350269942866649124909625636304113984708553514693216161582853128192,316245407110169286226658139772740800176369549176453629987310796800,210778874497770178009011139071363309078297986697923148476948938752,843115497991080712036044556285453236313191946791692593907795755008,316245407110169286226658139772740800176369549176453629987310796800,205838744626728689461924940499378231521775377634690574684520448
632490814220338572453316279545481600352739098352907259974621593600,1295341187523253396384391740509146317522409673426754068428025023692800,843115497991080712036044556285453236313191946791692593907795755008,316245407110169286226658139772740800176369549176453629987310796800,1264981628440677144906632559090963200705478196705814519949243187200,843115497991080712036044556285453236313191946791692593907795755008,308833405381024693580720839621817187672235887867630498034483200
843115497991080712036044556285453236313191946791692593907795755008,1726700539885733298249819251272608227969417107029386432323165706256384,632490814220338572453316279545481600352739098352907259974621593600,421557748995540356018022278142726618156595973395846296953897877504,1686230995982161424072089112570906472626383893583385187815591510016,632490814220338572453316279545481600352739098352907259974621593600,411677489253457378923849880998756463043550755269381149369040896
1264981628440677144906632559090963200705478196705814519949243187200,2590682375046506792768783481018292635044819346853508136856050047385600,1686230995982161424072089112570906472626383893583385187815591510016,632490814220338572453316279545481600352739098352907259974621593600,2529963256881354289813265118181926401410956393411629039898486374400,1686230995982161424072089112570906472626383893583385187815591510016,617666810762049387161441679243634375344471775735260996068966400
1686230995982161424072089112570906472626383893583385187815591510016,3453401079771466596499638502545216455938834214058772864646331412512768,1264981628440677144906632559090963200705478196705814519949243187200,843115497991080712036044556285453236313191946791692593907795755008,3372461991964322848144178225141812945252767787166770375631183020032,1264981628440677144906632559090963200705478196705814519949243187200,823354978506914757847699761997512926087101510538762298738081792
2529963256881354289813265118181926401410956393411629039898486374400,5181364750093013585537566962036585270089638693707016273712100094771200,3372461991964322848144178225141812945252767787166770375631183020032,1264981628440677144906632559090963200705478196705814519949243187200,0,3372461991964322848144178225141812945252767787166770375631183020032,1235333621524098774322883358487268750688943551470521992137932800
3372461991964322848144178225141812945252767787166770375631183020032,6906802159542933192999277005090432911877668428117545729292662825025536,2529963256881354289813265118181926401410956393411629039898486374400,1686230995982161424072089112570906472626383893583385187815591510016,0,2529963256881354289813265118181926401410956393411629039898486374400,1646709957013829515695399523995025852174203021077524597476163584
26979695935714582785153425801134503562022142297334163005049464160256,55254417276343465543994216040723463295021347424940365834341302600204288,0,0,53959391871429165570306851602269007124044284594668326010098928320512,0,13173679656110636125563196191960206817393624168620196779809308672
40479412110101668637012241890910822422575302294586064638375781990400,82901836001488217368601071392585364321434219099312260379393601516339200,53959391871429165570306851602269007124044284594668326010098928320512,0,80958824220203337274024483781821644845150604589172129276751563980800,53959391871429165570306851602269007124044284594668326010098928320512,19765337944385580389166133735796300011023096823528351874206924800
53959391871429165570306851602269007124044284594668326010098928320512,110508834552686931087988432081446926590042694849880731668682605200408576,40479412110101668637012241890910822422575302294586064638375781990400,26979695935714582785153425801134503562022142297334163005049464160256,107918783742858331140613703204538014248088569189336652020197856641024,40479412110101668637012241890910822422575302294586064638375781990400,26347359312221272251126392383920413634787248337240393559618617344
80958824220203337274024483781821644845150604589172129276751563980800,165803672002976434737202142785170728642868438198624520758787203032678400,107918783742858331140613703204538014248088569189336652020197856641024,40479412110101668637012241890910822422575302294586064638375781990400,161917648440406674548048967563643289690301209178344258553503127961600,107918783742858331140613703204538014248088569189336652020197856641024,39530675888771160778332267471592600022046193647056703748413849600
107918783742858331140613703204538014248088569189336652020197856641024,221017669105373862175976864162893853180085389699761463337365210400817152,80958824220203337274024483781821644845150604589172129276751563980800,53959391871429165570306851602269007124044284594668326010098928320512,215837567485716662281227406409076028496177138378673304040395713282048,80958824220203337274024483781821644845150604589172129276751563980800,52694718624442544502252784767840827269574496674480787119237234688
161917648440406674548048967563643289690301209178344258553503127961600,331607344005952869474404285570341457285736876397249041517574406065356800,215837567485716662281227406409076028496177138378673304040395713282048,80958824220203337274024483781821644845150604589172129276751563980800,323835296880813349096097935127286579380602418356688517107006255923200,215837567485716662281227406409076028496177138378673304040395713282048,79061351777542321556664534943185200044092387294113407496827699200
215837567485716662281227406409076028496177138378673304040395713282048,442035338210747724351953728325787706360170779399522926674730420801634304,161917648440406674548048967563643289690301209178344258553503127961600,107918783742858331140613703204538014248088569189336652020197856641024,431675134971433324562454812818152056992354276757346608080791426564096,161917648440406674548048967563643289690301209178344258553503127961600,105389437248885089004505569535681654539148993348961574238474469376
323835296880813349096097935127286579380602418356688517107006255923200,663214688011905738948808571140682914571473752794498083035148812130713600,431675134971433324562454812818152056992354276757346608080791426564096,161917648440406674548048967563643289690301209178344258553503127961600,647670593761626698192195870254573158761204836713377034214012511846400,431675134971433324562454812818152056992354276757346608080791426564096,158122703555084643113329069886370400088184774588226814993655398400
431675134971433324562454812818152056992354276757346608080791426564096,884070676421495448703907456651575412720341558799045853349460841603268608,323835296880813349096097935127286579380602418356688517107006255923200,215837567485716662281227406409076028496177138378673304040395713282048,863350269942866649124909625636304113984708553514693216161582853128192,323835296880813349096097935127286579380602418356688517107006255923200,210778874497770178009011139071363309078297986697923148476948938752
647670593761626698192195870254573158761204836713377034214012511846400,1326429376023811477897617142281365829142947505588996166070297624261427200,863350269942866649124909625636304113984708553514693216161582853128192,323835296880813349096097935127286579380602418356688517107006255923200,1295341187523253396384391740509146317522409673426754068428025023692800,863350269942866649124909625636304113984708553514693216161582853128192,316245407110169286226658139772740800176369549176453629987310796800
863350269942866649124909625636304113984708553514693216161582853128192,1768141352842990897407814913303150825440683117598091706698921683206537216,647670593761626698192195870254573158761204836713377034214012511846400,431675134971433324562454812818152056992354276757346608080791426564096,1726700539885733298249819251272608227969417107029386432323165706256384,647670593761626698192195870254573158761204836713377034214012511846400,421557748995540356018022278142726618156595973395846296953897877504
1295341187523253396384391740509146317522409673426754068428025023692800,2652858752047622955795234284562731658285895011177992332140595248522854400,1726700539885733298249819251272608227969417107029386432323165706256384,647670593761626698192195870254573158761204836713377034214012511846400,2590682375046506792768783481018292635044819346853508136856050047385600,1726700539885733298249819251272608227969417107029386432323165706256384,632490814220338572453316279545481600352739098352907259974621593600
1726700539885733298249819251272608227969417107029386432323165706256384,3536282705685981794815629826606301650881366235196183413397843366413074432,1295341187523253396384391740509146317522409673426754068428025023692800,863350269942866649124909625636304113984708553514693216161582853128192,3453401079771466596499638502545216455938834214058772864646331412512768,1295341187523253396384391740509146317522409673426754068428025023692800,843115497991080712036044556285453236313191946791692593907795755008
2590682375046506792768783481018292635044819346853508136856050047385600,5305717504095245911590468569125463316571790022355984664281190497045708800,3453401079771466596499638502545216455938834214058772864646331412512768,1295341187523253396384391740509146317522409673426754068428025023692800,5181364750093013585537566962036585270089638693707016273712100094771200,3453401079771466596499638502545216455938834214058772864646331412512768,1264981628440677144906632559090963200705478196705814519949243187200
3453401079771466596499638502545216455938834214058772864646331412512768,7072565411371963589631259653212603301762732470392366826795686732826148864,2590682375046506792768783481018292635044819346853508136856050047385600,1726700539885733298249819251272608227969417107029386432323165706256384,6906802159542933192999277005090432911877668428117545729292662825025536,2590682375046506792768783481018292635044819346853508136856050047385600,1686230995982161424072089112570906472626383893583385187815591510016
5181364750093013585537566962036585270089638693707016273712100094771200,10611435008190491823180937138250926633143580044711969328562380994091417600,6906802159542933192999277005090432911877668428117545729292662825025536,2590682375046506792768783481018292635044819346853508136856050047385600,0,6906802159542933192999277005090432911877668428117545729292662825025536,2529963256881354289813265118181926401410956393411629039898486374400
6906802159542933192999277005090432911877668428117545729292662825025536,14145130822743927179262519306425206603525464940784733653591373465652297728,5181364750093013585537566962036585270089638693707016273712100094771200,3453401079771466596499638502545216455938834214058772864646331412512768,0,5181364750093013585537566962036585270089638693707016273712100094771200,3372461991964322848144178225141812945252767787166770375631183020032
55254417276343465543994216040723463295021347424940365834341302600204288,0,0,0,110508834552686931087988432081446926590042694849880731668682605200408576,0,26979695935714582785153425801134503562022142297334163005049464160256
82901836001488217368601071392585364321434219099312260379393601516339200,0,110508834552686931087988432081446926590042694849880731668682605200408576,0,165803672002976434737202142785170728642868438198624520758787203032678400,110508834552686931087988432081446926590042694849880731668682605200408576,40479412110101668637012241890910822422575302294586064638375781990400
110508834552686931087988432081446926590042694849880731668682605200408576,0,82901836001488217368601071392585364321434219099312260379393601516339200,55254417276343465543994216040723463295021347424940365834341302600204288,221017669105373862175976864162893853180085389699761463337365210400817152,82901836001488217368601071392585364321434219099312260379393601516339200,53959391871429165570306851602269007124044284594668326010098928320512
165803672002976434737202142785170728642868438198624520758787203032678400,0,221017669105373862175976864162893853180085389699761463337365210400817152,82901836001488217368601071392585364321434219099312260379393601516339200,331607344005952869474404285570341457285736876397249041517574406065356800,221017669105373862175976864162893853180085389699761463337365210400817152,80958824220203337274024483781821644845150604589172129276751563980800
221017669105373862175976864162893853180085389699761463337365210400817152,0,165803672002976434737202142785170728642868438198624520758787203032678400,110508834552686931087988432081446926590042694849880731668682605200408576,442035338210747724351953728325787706360170779399522926674730420801634304,165803672002976434737202142785170728642868438198624520758787203032678400,107918783742858331140613703204538014248088569189336652020197856641024
331607344005952869474404285570341457285736876397249041517574406065356800,0,442035338210747724351953728325787706360170779399522926674730420801634304,165803672002976434737202142785170728642868438198624520758787203032678400,663214688011905738948808571140682914571473752794498083035148812130713600,442035338210747724351953728325787706360170779399522926674730420801634304,161917648440406674548048967563643289690301209178344258553503127961600
442035338210747724351953728325787706360170779399522926674730420801634304,0,331607344005952869474404285570341457285736876397249041517574406065356800,221017669105373862175976864162893853180085389699761463337365210400817152,884070676421495448703907456651575412720341558799045853349460841603268608,331607344005952869474404285570341457285736876397249041517574406065356800,215837567485716662281227406409076028496177138378673304040395713282048
663214688011905738948808571140682914571473752794498083035148812130713600,0,884070676421495448703907456651575412720341558799045853349460841603268608,331607344005952869474404285570341457285736876397249041517574406065356800,1326429376023811477897617142281365829142947505588996166070297624261427200,884070676421495448703907456651575412720341558799045853349460841603268608,323835296880813349096097935127286579380602418356688517107006255923200
884070676421495448703907456651575412720341558799045853349460841603268608,0,663214688011905738948808571140682914571473752794498083035148812130713600,442035338210747724351953728325787706360170779399522926674730420801634304,1768141352842990897407814913303150825440683117598091706698921683206537216,663214688011905738948808571140682914571473752794498083035148812130713600,431675134971433324562454812818152056992354276757346608080791426564096
1326429376023811477897617142281365829142947505588996166070297624261427200,0,1768141352842990897407814913303150825440683117598091706698921683206537216,663214688011905738948808571140682914571473752794498083035148812130713600,2652858752047622955795234284562731658285895011177992332140595248522854400,1768141352842990897407814913303150825440683117598091706698921683206537216,647670593761626698192195870254573158761204836713377034214012511846400
1768141352842990897407814913303150825440683117598091706698921683206537216,0,1326429376023811477897617142281365829142947505588996166070297624261427200,884070676421495448703907456651575412720341558799045853349460841603268608,3536282705685981794815629826606301650881366235196183413397843366413074432,1326429376023811477897617142281365829142947505588996166070297624261427200,863350269942866649124909625636304113984708553514693216161582853128192
2652858752047622955795234284562731658285895011177992332140595248522854400,0,3536282705685981794815629826606301650881366235196183413397843366413074432,1326429376023811477897617142281365829142947505588996166070297624261427200,5305717504095245911590468569125463316571790022355984664281190497045708800,3536282705685981794815629826606301650881366235196183413397843366413074432,1295341187523253396384391740509146317522409673426754068428025023692800
3536282705685981794815629826606301650881366235196183413397843366413074432,0,2652858752047622955795234284562731658285895011177992332140595248522854400,1768141352842990897407814913303150825440683117598091706698921683206537216,7072565411371963589631259653212603301762732470392366826795686732826148864,2652858752047622955795234284562731658285895011177992332140595248522854400,1726700539885733298249819251272608227969417107029386432323165706256384
5305717504095245911590468569125463316571790022355984664281190497045708800,0,7072565411371963589631259653212603301762732470392366826795686732826148864,2652858752047622955795234284562731658285895011177992332140595248522854400,10611435008190491823180937138250926633143580044711969328562380994091417600,7072565411371963589631259653212603301762732470392366826795686732826148864,2590682375046506792768783481018292635044819346853508136856050047385600
7072565411371963589631259653212603301762732470392366826795686732826148864,0,5305717504095245911590468569125463316571790022355984664281190497045708800,3536282705685981794815629826606301650881366235196183413397843366413074432,14145130822743927179262519306425206603525464940784733653591373465652297728,5305717504095245911590468569125463316571790022355984664281190497045708800,3453401079771466596499638502545216455938834214058772864646331412512768
10611435008190491823180937138250926633143580044711969328562380994091417600,0,14145130822743927179262519306425206603525464940784733653591373465652297728,5305717504095245911590468569125463316571790022355984664281190497045708800,0,14145130822743927179262519306425206603525464940784733653591373465652297728,5181364750093013585537566962036585270089638693707016273712100094771200
14145130822743927179262519306425206603525464940784733653591373465652297728,0,10611435008190491823180937138250926633143580044711969328562380994091417600,7072565411371963589631259653212603301762732470392366826795686732826148864,0,10611435008190491823180937138250926633143580044711969328562380994091417600,6906802159542933192999277005090432911877668428117545729292662825025536
